#Layer_Color=16711935
#
#Feature symbol names
#
$0 r3.937

#
#Feature attribute names
#

#
#Layer features
#
A 0.6186456 4.6091496 0.6186456 4.6091496 0.5989606 4.6091496 0 P 0 N
A 0.7727244 4.5008504 0.7727244 4.5008504 0.7530394 4.5008504 0 P 0 N
L 0.3433 4.528552 0.3433 4.597448 0 P 0
L 0.3433 4.528552 0.3807 4.528552 0 P 0
L 0.3433 4.597448 0.3807 4.597448 0 P 0
L 0.3807 4.528552 0.3807 4.597448 0 P 0
L 0.4293 2.234536 0.4293 2.301464 0 P 0
L 0.4293 2.234536 0.4667 2.234536 0 P 0
L 0.4293 2.301464 0.4667 2.301464 0 P 0
L 0.433606 4.467418 0.433606 4.644582 0 P 0
L 0.433606 4.467418 0.634394 4.467418 0 P 0
L 0.433606 4.644582 0.634394 4.644582 0 P 0
L 0.4667 2.234536 0.4667 2.301464 0 P 0
L 0.4723 2.900536 0.4723 2.967464 0 P 0
L 0.4723 2.900536 0.5097 2.900536 0 P 0
L 0.4723 2.967464 0.5097 2.967464 0 P 0
L 0.5097 2.900536 0.5097 2.967464 0 P 0
L 0.634394 4.467418 0.634394 4.644582 0 P 0
L 0.6563 4.684552 0.6563 4.753448 0 P 0
L 0.6563 4.684552 0.6937 4.684552 0 P 0
L 0.6563 4.753448 0.6937 4.753448 0 P 0
L 0.660552 4.0563 0.660552 4.0937 0 P 0
L 0.660552 4.0563 0.729448 4.0563 0 P 0
L 0.660552 4.0937 0.729448 4.0937 0 P 0
L 0.687032 3.074056 0.687032 3.205944 0 P 0
L 0.687032 3.074056 0.940968 3.074056 0 P 0
L 0.687032 3.205944 0.940968 3.205944 0 P 0
L 0.6937 4.684552 0.6937 4.753448 0 P 0
L 0.695032 2.468056 0.695032 2.599944 0 P 0
L 0.695032 2.468056 0.948968 2.468056 0 P 0
L 0.695032 2.599944 0.948968 2.599944 0 P 0
L 0.715032 1.874056 0.715032 2.005944 0 P 0
L 0.715032 1.874056 0.968968 1.874056 0 P 0
L 0.715032 2.005944 0.968968 2.005944 0 P 0
L 0.717606 4.465418 0.717606 4.642582 0 P 0
L 0.717606 4.465418 0.918394 4.465418 0 P 0
L 0.717606 4.642582 0.918394 4.642582 0 P 0
L 0.729448 4.0563 0.729448 4.0937 0 P 0
L 0.744032 1.253056 0.744032 1.384944 0 P 0
L 0.744032 1.253056 0.997968 1.253056 0 P 0
L 0.744032 1.384944 0.997968 1.384944 0 P 0
L 0.790552 4.0813 0.790552 4.1187 0 P 0
L 0.790552 4.0813 0.859448 4.0813 0 P 0
L 0.790552 4.1187 0.859448 4.1187 0 P 0
L 0.808552 4.2373 0.808552 4.2747 0 P 0
L 0.808552 4.2373 0.877448 4.2373 0 P 0
L 0.808552 4.2747 0.877448 4.2747 0 P 0
L 0.8483 5.667536 0.8483 5.734464 0 P 0
L 0.8483 5.667536 0.8857 5.667536 0 P 0
L 0.8483 5.734464 0.8857 5.734464 0 P 0
L 0.859448 4.0813 0.859448 4.1187 0 P 0
L 0.877448 4.2373 0.877448 4.2747 0 P 0
L 0.8857 5.667536 0.8857 5.734464 0 P 0
L 0.905552 4.0763 0.905552 4.1137 0 P 0
L 0.905552 4.0763 0.974448 4.0763 0 P 0
L 0.905552 4.1137 0.974448 4.1137 0 P 0
L 0.91807 2.899566 0.91807 2.970434 0 P 0
L 0.91807 2.899566 1.05193 2.899566 0 P 0
L 0.91807 2.970434 1.05193 2.970434 0 P 0
L 0.918394 4.465418 0.918394 4.642582 0 P 0
L 0.92407 1.043566 0.92407 1.114434 0 P 0
L 0.92407 1.043566 1.05793 1.043566 0 P 0
L 0.92407 1.114434 1.05793 1.114434 0 P 0
L 0.93207 2.318566 0.93207 2.389434 0 P 0
L 0.93207 2.318566 1.06593 2.318566 0 P 0
L 0.93207 2.389434 1.06593 2.389434 0 P 0
L 0.93407 1.707566 0.93407 1.778434 0 P 0
L 0.93407 1.707566 1.06793 1.707566 0 P 0
L 0.93407 1.778434 1.06793 1.778434 0 P 0
L 0.940968 3.074056 0.940968 3.205944 0 P 0
L 0.942064 0.9753 0.942064 1.0127 0 P 0
L 0.942064 0.9753 1.008992 0.9753 0 P 0
L 0.942064 1.0127 1.008992 1.0127 0 P 0
L 0.942536 0.9003 0.942536 0.9377 0 P 0
L 0.942536 0.9003 1.009464 0.9003 0 P 0
L 0.942536 0.9377 1.009464 0.9377 0 P 0
L 0.942536 2.7493 0.942536 2.7867 0 P 0
L 0.942536 2.7493 1.009464 2.7493 0 P 0
L 0.942536 2.7867 1.009464 2.7867 0 P 0
L 0.942536 2.8153 0.942536 2.8527 0 P 0
L 0.942536 2.8153 1.009464 2.8153 0 P 0
L 0.942536 2.8527 1.009464 2.8527 0 P 0
L 0.948968 2.468056 0.948968 2.599944 0 P 0
L 0.950536 1.5533 0.950536 1.5907 0 P 0
L 0.950536 1.5533 1.017464 1.5533 0 P 0
L 0.950536 1.5907 1.017464 1.5907 0 P 0
L 0.950536 1.6213 0.950536 1.6587 0 P 0
L 0.950536 1.6213 1.017464 1.6213 0 P 0
L 0.950536 1.6587 1.017464 1.6587 0 P 0
L 0.954536 2.1633 0.954536 2.2007 0 P 0
L 0.954536 2.1633 1.021464 2.1633 0 P 0
L 0.954536 2.2007 1.021464 2.2007 0 P 0
L 0.955536 2.2353 0.955536 2.2727 0 P 0
L 0.955536 2.2353 1.022464 2.2353 0 P 0
L 0.955536 2.2727 1.022464 2.2727 0 P 0
L 0.968968 1.874056 0.968968 2.005944 0 P 0
L 0.9713 4.549552 0.9713 4.618448 0 P 0
L 0.9713 4.549552 1.0087 4.549552 0 P 0
L 0.9713 4.618448 1.0087 4.618448 0 P 0
L 0.974448 4.0763 0.974448 4.1137 0 P 0
L 0.997968 1.253056 0.997968 1.384944 0 P 0
L 1.0087 4.549552 1.0087 4.618448 0 P 0
L 1.008992 0.9753 1.008992 1.0127 0 P 0
L 1.009464 0.9003 1.009464 0.9377 0 P 0
L 1.009464 2.7493 1.009464 2.7867 0 P 0
L 1.009464 2.8153 1.009464 2.8527 0 P 0
L 1.010552 4.0563 1.010552 4.0937 0 P 0
L 1.010552 4.0563 1.079448 4.0563 0 P 0
L 1.010552 4.0937 1.079448 4.0937 0 P 0
L 1.017464 1.5533 1.017464 1.5907 0 P 0
L 1.017464 1.6213 1.017464 1.6587 0 P 0
L 1.021464 2.1633 1.021464 2.2007 0 P 0
L 1.022464 2.2353 1.022464 2.2727 0 P 0
L 1.05193 2.899566 1.05193 2.970434 0 P 0
L 1.05793 1.043566 1.05793 1.114434 0 P 0
L 1.06593 2.318566 1.06593 2.389434 0 P 0
L 1.06793 1.707566 1.06793 1.778434 0 P 0
L 1.079448 4.0563 1.079448 4.0937 0 P 0
L 1.11307 0.667566 1.11307 0.738434 0 P 0
L 1.11307 0.667566 1.24693 0.667566 0 P 0
L 1.11307 0.738434 1.24693 0.738434 0 P 0
L 1.1163 4.030552 1.1163 4.099448 0 P 0
L 1.1163 4.030552 1.1537 4.030552 0 P 0
L 1.1163 4.099448 1.1537 4.099448 0 P 0
L 1.1537 4.030552 1.1537 4.099448 0 P 0
L 1.1813 4.030552 1.1813 4.099448 0 P 0
L 1.1813 4.030552 1.2187 4.030552 0 P 0
L 1.1813 4.099448 1.2187 4.099448 0 P 0
L 1.2023 0.247536 1.2023 0.314464 0 P 0
L 1.2023 0.247536 1.2397 0.247536 0 P 0
L 1.2023 0.314464 1.2397 0.314464 0 P 0
L 1.2187 4.030552 1.2187 4.099448 0 P 0
L 1.2397 0.247536 1.2397 0.314464 0 P 0
L 1.2413 4.025552 1.2413 4.094448 0 P 0
L 1.2413 4.025552 1.2787 4.025552 0 P 0
L 1.2413 4.094448 1.2787 4.094448 0 P 0
L 1.24693 0.667566 1.24693 0.738434 0 P 0
L 1.27807 2.779566 1.27807 2.850434 0 P 0
L 1.27807 2.779566 1.41193 2.779566 0 P 0
L 1.27807 2.850434 1.41193 2.850434 0 P 0
L 1.2787 4.025552 1.2787 4.094448 0 P 0
L 1.3113 4.025552 1.3113 4.094448 0 P 0
L 1.3113 4.025552 1.3487 4.025552 0 P 0
L 1.3113 4.094448 1.3487 4.094448 0 P 0
L 1.3487 4.025552 1.3487 4.094448 0 P 0
L 1.372536 5.4693 1.372536 5.5067 0 P 0
L 1.372536 5.4693 1.439464 5.4693 0 P 0
L 1.372536 5.5067 1.439464 5.5067 0 P 0
L 1.375552 5.6113 1.375552 5.6487 0 P 0
L 1.375552 5.6113 1.444448 5.6113 0 P 0
L 1.375552 5.6487 1.444448 5.6487 0 P 0
L 1.376536 5.5473 1.376536 5.5847 0 P 0
L 1.376536 5.5473 1.443464 5.5473 0 P 0
L 1.376536 5.5847 1.443464 5.5847 0 P 0
L 1.376536 5.6913 1.376536 5.7287 0 P 0
L 1.376536 5.6913 1.443464 5.6913 0 P 0
L 1.376536 5.7287 1.443464 5.7287 0 P 0
L 1.3963 4.025552 1.3963 4.094448 0 P 0
L 1.3963 4.025552 1.4337 4.025552 0 P 0
L 1.3963 4.094448 1.4337 4.094448 0 P 0
L 1.41193 2.779566 1.41193 2.850434 0 P 0
L 1.4337 4.025552 1.4337 4.094448 0 P 0
L 1.439464 5.4693 1.439464 5.5067 0 P 0
L 1.443464 5.5473 1.443464 5.5847 0 P 0
L 1.443464 5.6913 1.443464 5.7287 0 P 0
L 1.444448 5.6113 1.444448 5.6487 0 P 0
L 1.4893 4.544552 1.4893 4.613448 0 P 0
L 1.4893 4.544552 1.5267 4.544552 0 P 0
L 1.4893 4.613448 1.5267 4.613448 0 P 0
L 1.5267 4.544552 1.5267 4.613448 0 P 0
L 1.5473 5.146552 1.5473 5.215448 0 P 0
L 1.5473 5.146552 1.5847 5.146552 0 P 0
L 1.5473 5.215448 1.5847 5.215448 0 P 0
L 1.5523 4.544552 1.5523 4.613448 0 P 0
L 1.5523 4.544552 1.5897 4.544552 0 P 0
L 1.5523 4.613448 1.5897 4.613448 0 P 0
L 1.558536 5.4333 1.558536 5.4707 0 P 0
L 1.558536 5.4333 1.625464 5.4333 0 P 0
L 1.558536 5.4707 1.625464 5.4707 0 P 0
L 1.559552 5.6113 1.559552 5.6487 0 P 0
L 1.559552 5.6113 1.628448 5.6113 0 P 0
L 1.559552 5.6487 1.628448 5.6487 0 P 0
L 1.560064 5.5193 1.560064 5.5567 0 P 0
L 1.560064 5.5193 1.626992 5.5193 0 P 0
L 1.560064 5.5567 1.626992 5.5567 0 P 0
L 1.562536 5.6953 1.562536 5.7327 0 P 0
L 1.562536 5.6953 1.629464 5.6953 0 P 0
L 1.562536 5.7327 1.629464 5.7327 0 P 0
L 1.5847 5.146552 1.5847 5.215448 0 P 0
L 1.5897 4.544552 1.5897 4.613448 0 P 0
L 1.625464 5.4333 1.625464 5.4707 0 P 0
L 1.626992 5.5193 1.626992 5.5567 0 P 0
L 1.628448 5.6113 1.628448 5.6487 0 P 0
L 1.629464 5.6953 1.629464 5.7327 0 P 0
L 1.644536 2.0073 1.644536 2.0447 0 P 0
L 1.644536 2.0073 1.711464 2.0073 0 P 0
L 1.644536 2.0447 1.711464 2.0447 0 P 0
L 1.646536 2.1073 1.646536 2.1447 0 P 0
L 1.646536 2.1073 1.713464 2.1073 0 P 0
L 1.646536 2.1447 1.713464 2.1447 0 P 0
L 1.711464 2.0073 1.711464 2.0447 0 P 0
L 1.713464 2.1073 1.713464 2.1447 0 P 0
L 1.773566 3.39307 1.773566 3.52693 0 P 0
L 1.773566 3.39307 1.844432 3.39307 0 P 0
L 1.773566 3.52693 1.844432 3.52693 0 P 0
L 1.8303 3.232552 1.8303 3.30145 0 P 0
L 1.8303 3.232552 1.8677 3.232552 0 P 0
L 1.8303 3.30145 1.8677 3.30145 0 P 0
L 1.8323 2.925552 1.8323 2.994448 0 P 0
L 1.8323 2.925552 1.8697 2.925552 0 P 0
L 1.8323 2.994448 1.8697 2.994448 0 P 0
L 1.844432 3.39307 1.844432 3.52693 0 P 0
L 1.8677 3.232552 1.8677 3.30145 0 P 0
L 1.8697 2.925552 1.8697 2.994448 0 P 0
L 1.896536 3.2103 1.896536 3.2477 0 P 0
L 1.896536 3.2103 1.963464 3.2103 0 P 0
L 1.896536 3.2477 1.963464 3.2477 0 P 0
L 1.901226 3.2783 1.901226 3.3157 0 P 0
L 1.901226 3.2783 1.970122 3.2783 0 P 0
L 1.901226 3.3157 1.970122 3.3157 0 P 0
L 1.929552 1.8013 1.929552 1.8387 0 P 0
L 1.929552 1.8013 1.998448 1.8013 0 P 0
L 1.929552 1.8387 1.998448 1.8387 0 P 0
L 1.931552 2.7923 1.931552 2.8297 0 P 0
L 1.931552 2.7923 2.000448 2.7923 0 P 0
L 1.931552 2.8297 2.000448 2.8297 0 P 0
L 1.963464 3.2103 1.963464 3.2477 0 P 0
L 1.970122 3.2783 1.970122 3.3157 0 P 0
L 1.9983 3.23611 1.9983 3.305008 0 P 0
L 1.9983 3.23611 2.0357 3.23611 0 P 0
L 1.9983 3.305008 2.0357 3.305008 0 P 0
L 1.998448 1.8013 1.998448 1.8387 0 P 0
L 2.000448 2.7923 2.000448 2.8297 0 P 0
L 2.011552 5.5533 2.011552 5.5907 0 P 0
L 2.011552 5.5533 2.080448 5.5533 0 P 0
L 2.011552 5.5907 2.080448 5.5907 0 P 0
L 2.0357 3.23611 2.0357 3.305008 0 P 0
L 2.0673 2.869552 2.0673 2.938448 0 P 0
L 2.0673 2.869552 2.1047 2.869552 0 P 0
L 2.0673 2.938448 2.1047 2.938448 0 P 0
L 2.0673 2.972552 2.0673 3.041448 0 P 0
L 2.0673 2.972552 2.1047 2.972552 0 P 0
L 2.0673 3.041448 2.1047 3.041448 0 P 0
L 2.080448 5.5533 2.080448 5.5907 0 P 0
L 2.1047 2.869552 2.1047 2.938448 0 P 0
L 2.1047 2.972552 2.1047 3.041448 0 P 0
L 2.1363 2.925552 2.1363 2.99445 0 P 0
L 2.1363 2.925552 2.1737 2.925552 0 P 0
L 2.1363 2.99445 2.1737 2.99445 0 P 0
L 2.1737 2.925552 2.1737 2.99445 0 P 0
L 2.217008 1.4313 2.217008 1.4687 0 P 0
L 2.217008 1.4313 2.283938 1.4313 0 P 0
L 2.217008 1.4687 2.283938 1.4687 0 P 0
L 2.222536 1.0803 2.222536 1.1177 0 P 0
L 2.222536 1.0803 2.289464 1.0803 0 P 0
L 2.222536 1.1177 2.289464 1.1177 0 P 0
L 2.222536 1.3573 2.222536 1.3947 0 P 0
L 2.222536 1.3573 2.289464 1.3573 0 P 0
L 2.222536 1.3947 2.289464 1.3947 0 P 0
L 2.224536 0.9953 2.224536 1.0327 0 P 0
L 2.224536 0.9953 2.291464 0.9953 0 P 0
L 2.224536 1.0327 2.291464 1.0327 0 P 0
L 2.226536 1.2593 2.226536 1.2967 0 P 0
L 2.226536 1.2593 2.293464 1.2593 0 P 0
L 2.226536 1.2967 2.293464 1.2967 0 P 0
L 2.227536 1.1743 2.227536 1.2117 0 P 0
L 2.227536 1.1743 2.294464 1.1743 0 P 0
L 2.227536 1.2117 2.294464 1.2117 0 P 0
L 2.283938 1.4313 2.283938 1.4687 0 P 0
L 2.289464 1.0803 2.289464 1.1177 0 P 0
L 2.289464 1.3573 2.289464 1.3947 0 P 0
L 2.291464 0.9953 2.291464 1.0327 0 P 0
L 2.293464 1.2593 2.293464 1.2967 0 P 0
L 2.294464 1.1743 2.294464 1.2117 0 P 0
L 2.421568 5.66607 2.421568 5.79993 0 P 0
L 2.421568 5.66607 2.492434 5.66607 0 P 0
L 2.421568 5.79993 2.492434 5.79993 0 P 0
L 2.445552 3.2163 2.445552 3.2537 0 P 0
L 2.445552 3.2163 2.514448 3.2163 0 P 0
L 2.445552 3.2537 2.514448 3.2537 0 P 0
L 2.455552 3.4563 2.455552 3.4937 0 P 0
L 2.455552 3.4563 2.52445 3.4563 0 P 0
L 2.455552 3.4937 2.52445 3.4937 0 P 0
L 2.470552 3.0913 2.470552 3.1287 0 P 0
L 2.470552 3.0913 2.53945 3.0913 0 P 0
L 2.470552 3.1287 2.53945 3.1287 0 P 0
L 2.4713 2.650552 2.4713 2.71945 0 P 0
L 2.4713 2.650552 2.5087 2.650552 0 P 0
L 2.4713 2.71945 2.5087 2.71945 0 P 0
L 2.4823 1.808536 2.4823 1.875464 0 P 0
L 2.4823 1.808536 2.5197 1.808536 0 P 0
L 2.4823 1.875464 2.5197 1.875464 0 P 0
L 2.485552 2.8113 2.485552 2.8487 0 P 0
L 2.485552 2.8113 2.55445 2.8113 0 P 0
L 2.485552 2.8487 2.55445 2.8487 0 P 0
L 2.492434 5.66607 2.492434 5.79993 0 P 0
L 2.5087 2.650552 2.5087 2.71945 0 P 0
L 2.514448 3.2163 2.514448 3.2537 0 P 0
L 2.5197 1.808536 2.5197 1.875464 0 P 0
L 2.52445 3.4563 2.52445 3.4937 0 P 0
L 2.53945 3.0913 2.53945 3.1287 0 P 0
L 2.5543 1.806536 2.5543 1.873464 0 P 0
L 2.5543 1.806536 2.5917 1.806536 0 P 0
L 2.5543 1.873464 2.5917 1.873464 0 P 0
L 2.55445 2.8113 2.55445 2.8487 0 P 0
L 2.5663 3.480552 2.5663 3.54945 0 P 0
L 2.5663 3.480552 2.6037 3.480552 0 P 0
L 2.5663 3.54945 2.6037 3.54945 0 P 0
L 2.570552 0.8613 2.570552 0.8987 0 P 0
L 2.570552 0.8613 2.639448 0.8613 0 P 0
L 2.570552 0.8987 2.639448 0.8987 0 P 0
L 2.570552 1.6163 2.570552 1.6537 0 P 0
L 2.570552 1.6163 2.639448 1.6163 0 P 0
L 2.570552 1.6537 2.639448 1.6537 0 P 0
L 2.570552 1.6813 2.570552 1.7187 0 P 0
L 2.570552 1.6813 2.639448 1.6813 0 P 0
L 2.570552 1.7187 2.639448 1.7187 0 P 0
L 2.570552 1.7433 2.570552 1.7807 0 P 0
L 2.570552 1.7433 2.639448 1.7433 0 P 0
L 2.570552 1.7807 2.639448 1.7807 0 P 0
L 2.5763 2.650552 2.5763 2.719448 0 P 0
L 2.5763 2.650552 2.6137 2.650552 0 P 0
L 2.5763 2.719448 2.6137 2.719448 0 P 0
L 2.5917 1.806536 2.5917 1.873464 0 P 0
L 2.6037 3.480552 2.6037 3.54945 0 P 0
L 2.6137 2.650552 2.6137 2.719448 0 P 0
L 2.6283 1.806536 2.6283 1.873464 0 P 0
L 2.6283 1.806536 2.6657 1.806536 0 P 0
L 2.6283 1.873464 2.6657 1.873464 0 P 0
L 2.6363 0.471536 2.6363 0.538464 0 P 0
L 2.6363 0.471536 2.6737 0.471536 0 P 0
L 2.6363 0.538464 2.6737 0.538464 0 P 0
L 2.639448 0.8613 2.639448 0.8987 0 P 0
L 2.639448 1.6163 2.639448 1.6537 0 P 0
L 2.639448 1.6813 2.639448 1.7187 0 P 0
L 2.639448 1.7433 2.639448 1.7807 0 P 0
L 2.64755 4.4573 2.64755 4.4947 0 P 0
L 2.64755 4.4573 2.716448 4.4573 0 P 0
L 2.64755 4.4947 2.716448 4.4947 0 P 0
L 2.6657 1.806536 2.6657 1.873464 0 P 0
L 2.6737 0.471536 2.6737 0.538464 0 P 0
L 2.7003 2.845552 2.7003 2.91445 0 P 0
L 2.7003 2.845552 2.7377 2.845552 0 P 0
L 2.7003 2.91445 2.7377 2.91445 0 P 0
L 2.7013 0.470552 2.7013 0.539448 0 P 0
L 2.7013 0.470552 2.7387 0.470552 0 P 0
L 2.7013 0.539448 2.7387 0.539448 0 P 0
L 2.7043 1.802536 2.7043 1.869464 0 P 0
L 2.7043 1.802536 2.7417 1.802536 0 P 0
L 2.7043 1.869464 2.7417 1.869464 0 P 0
L 2.7055512 3.8972991 2.7055512 3.9347007 0 P 0
L 2.7055512 3.8972991 2.7744489 3.8972991 0 P 0
L 2.7055512 3.9347007 2.7744489 3.9347007 0 P 0
L 2.705552 1.2913 2.705552 1.3287 0 P 0
L 2.705552 1.2913 2.774448 1.2913 0 P 0
L 2.705552 1.3287 2.774448 1.3287 0 P 0
L 2.705552 1.3463 2.705552 1.3837 0 P 0
L 2.705552 1.3463 2.774448 1.3463 0 P 0
L 2.705552 1.3837 2.774448 1.3837 0 P 0
L 2.716448 4.4573 2.716448 4.4947 0 P 0
L 2.72807 5.629568 2.72807 5.700434 0 P 0
L 2.72807 5.629568 2.86193 5.629568 0 P 0
L 2.72807 5.700434 2.86193 5.700434 0 P 0
L 2.72807 5.799568 2.72807 5.870434 0 P 0
L 2.72807 5.799568 2.86193 5.799568 0 P 0
L 2.72807 5.870434 2.86193 5.870434 0 P 0
L 2.7377 2.845552 2.7377 2.91445 0 P 0
L 2.7387 0.470552 2.7387 0.539448 0 P 0
L 2.7417 1.802536 2.7417 1.869464 0 P 0
L 2.7663 0.471536 2.7663 0.538464 0 P 0
L 2.7663 0.471536 2.8037 0.471536 0 P 0
L 2.7663 0.538464 2.8037 0.538464 0 P 0
L 2.767536 2.8963 2.767536 2.9337 0 P 0
L 2.767536 2.8963 2.834464 2.8963 0 P 0
L 2.767536 2.9337 2.834464 2.9337 0 P 0
L 2.767552 2.8293 2.767552 2.8667 0 P 0
L 2.767552 2.8293 2.836448 2.8293 0 P 0
L 2.767552 2.8667 2.836448 2.8667 0 P 0
L 2.774448 1.2913 2.774448 1.3287 0 P 0
L 2.774448 1.3463 2.774448 1.3837 0 P 0
L 2.7744489 3.8972991 2.7744489 3.9347007 0 P 0
L 2.7863 1.802536 2.7863 1.869464 0 P 0
L 2.7863 1.802536 2.8237 1.802536 0 P 0
L 2.7863 1.869464 2.8237 1.869464 0 P 0
L 2.7913 3.490552 2.7913 3.559448 0 P 0
L 2.7913 3.490552 2.8287 3.490552 0 P 0
L 2.7913 3.559448 2.8287 3.559448 0 P 0
L 2.8037 0.471536 2.8037 0.538464 0 P 0
L 2.8053 1.257552 2.8053 1.326448 0 P 0
L 2.8053 1.257552 2.8427 1.257552 0 P 0
L 2.8053 1.326448 2.8427 1.326448 0 P 0
L 2.8053 1.371552 2.8053 1.440448 0 P 0
L 2.8053 1.371552 2.8427 1.371552 0 P 0
L 2.8053 1.440448 2.8427 1.440448 0 P 0
L 2.8112993 2.6455512 2.8112993 2.7144489 0 P 0
L 2.8112993 2.6455512 2.8487009 2.6455512 0 P 0
L 2.8112993 2.7144489 2.8487009 2.7144489 0 P 0
L 2.8237 1.802536 2.8237 1.869464 0 P 0
L 2.8287 3.490552 2.8287 3.559448 0 P 0
L 2.834464 2.8963 2.834464 2.9337 0 P 0
L 2.836448 2.8293 2.836448 2.8667 0 P 0
L 2.8427 1.257552 2.8427 1.326448 0 P 0
L 2.8427 1.371552 2.8427 1.440448 0 P 0
L 2.8487009 2.6455512 2.8487009 2.7144489 0 P 0
L 2.86193 5.629568 2.86193 5.700434 0 P 0
L 2.86193 5.799568 2.86193 5.870434 0 P 0
L 2.8633 2.847552 2.8633 2.916448 0 P 0
L 2.8633 2.847552 2.9007 2.847552 0 P 0
L 2.8633 2.916448 2.9007 2.916448 0 P 0
L 2.8635511 4.4442993 2.8635511 4.4817009 0 P 0
L 2.8635511 4.4442993 2.9324488 4.4442993 0 P 0
L 2.8635511 4.4817009 2.9324488 4.4817009 0 P 0
L 2.8675511 3.9002993 2.8675511 3.9377009 0 P 0
L 2.8675511 3.9002993 2.9364488 3.9002993 0 P 0
L 2.8675511 3.9377009 2.9364488 3.9377009 0 P 0
L 2.8683 1.800536 2.8683 1.867466 0 P 0
L 2.8683 1.800536 2.9057 1.800536 0 P 0
L 2.8683 1.867466 2.9057 1.867466 0 P 0
L 2.8813 3.490552 2.8813 3.55945 0 P 0
L 2.8813 3.490552 2.9187 3.490552 0 P 0
L 2.8813 3.55945 2.9187 3.55945 0 P 0
L 2.889536 1.1823 2.889536 1.2197 0 P 0
L 2.889536 1.1823 2.956464 1.1823 0 P 0
L 2.889536 1.2197 2.956464 1.2197 0 P 0
L 2.9007 2.847552 2.9007 2.916448 0 P 0
L 2.9057 1.800536 2.9057 1.867466 0 P 0
L 2.9187 3.490552 2.9187 3.55945 0 P 0
L 2.9324488 4.4442993 2.9324488 4.4817009 0 P 0
L 2.9364488 3.9002993 2.9364488 3.9377009 0 P 0
L 2.956464 1.1823 2.956464 1.2197 0 P 0
L 2.9583 1.800536 2.9583 1.867464 0 P 0
L 2.9583 1.800536 2.9957 1.800536 0 P 0
L 2.9583 1.867464 2.9957 1.867464 0 P 0
L 2.9663 5.656536 2.9663 5.723464 0 P 0
L 2.9663 5.656536 3.0037 5.656536 0 P 0
L 2.9663 5.723464 3.0037 5.723464 0 P 0
L 2.9713 5.791536 2.9713 5.858464 0 P 0
L 2.9713 5.791536 3.0087 5.791536 0 P 0
L 2.9713 5.858464 3.0087 5.858464 0 P 0
L 2.9957 1.800536 2.9957 1.867464 0 P 0
L 2.9963 1.407992 2.9963 1.47689 0 P 0
L 2.9963 1.407992 3.0337 1.407992 0 P 0
L 2.9963 1.47689 3.0337 1.47689 0 P 0
L 2.99707 1.112568 2.99707 1.183434 0 P 0
L 2.99707 1.112568 3.13093 1.112568 0 P 0
L 2.99707 1.183434 3.13093 1.183434 0 P 0
L 3.0037 5.656536 3.0037 5.723464 0 P 0
L 3.0087 5.791536 3.0087 5.858464 0 P 0
L 3.01111 1.2073 3.01111 1.2447 0 P 0
L 3.01111 1.2073 3.080008 1.2073 0 P 0
L 3.01111 1.2447 3.080008 1.2447 0 P 0
L 3.0253 1.796536 3.0253 1.863464 0 P 0
L 3.0253 1.796536 3.0627 1.796536 0 P 0
L 3.0253 1.863464 3.0627 1.863464 0 P 0
L 3.0337 1.407992 3.0337 1.47689 0 P 0
L 3.0563 1.407992 3.0563 1.47689 0 P 0
L 3.0563 1.407992 3.0937 1.407992 0 P 0
L 3.0563 1.47689 3.0937 1.47689 0 P 0
L 3.0627 1.796536 3.0627 1.863464 0 P 0
L 3.080008 1.2073 3.080008 1.2447 0 P 0
L 3.0937 1.407992 3.0937 1.47689 0 P 0
L 3.1173 1.798536 3.1173 1.865466 0 P 0
L 3.1173 1.798536 3.1547 1.798536 0 P 0
L 3.1173 1.865466 3.1547 1.865466 0 P 0
L 3.13093 1.112568 3.13093 1.183434 0 P 0
L 3.1547 1.798536 3.1547 1.865466 0 P 0
L 3.1663 2.642992 3.1663 2.711888 0 P 0
L 3.1663 2.642992 3.2037 2.642992 0 P 0
L 3.1663 2.711888 3.2037 2.711888 0 P 0
L 3.18608 0.6613 3.18608 0.6987 0 P 0
L 3.18608 0.6613 3.254976 0.6613 0 P 0
L 3.18608 0.6987 3.254976 0.6987 0 P 0
L 3.18608 0.7313 3.18608 0.7687 0 P 0
L 3.18608 0.7313 3.254976 0.7313 0 P 0
L 3.18608 0.7687 3.254976 0.7687 0 P 0
L 3.187064 0.7863 3.187064 0.8237 0 P 0
L 3.187064 0.7863 3.253992 0.7863 0 P 0
L 3.187064 0.8237 3.253992 0.8237 0 P 0
L 3.187064 0.8413 3.187064 0.8787 0 P 0
L 3.187064 0.8413 3.253992 0.8413 0 P 0
L 3.187064 0.8787 3.253992 0.8787 0 P 0
L 3.2037 2.642992 3.2037 2.711888 0 P 0
L 3.212552 3.8803 3.212552 3.9177 0 P 0
L 3.212552 3.8803 3.281448 3.8803 0 P 0
L 3.212552 3.9177 3.281448 3.9177 0 P 0
L 3.253992 0.7863 3.253992 0.8237 0 P 0
L 3.253992 0.8413 3.253992 0.8787 0 P 0
L 3.254976 0.6613 3.254976 0.6987 0 P 0
L 3.254976 0.7313 3.254976 0.7687 0 P 0
L 3.2563 3.490552 3.2563 3.55945 0 P 0
L 3.2563 3.490552 3.2937 3.490552 0 P 0
L 3.2563 3.55945 3.2937 3.55945 0 P 0
L 3.2605511 4.4502993 3.2605511 4.4877009 0 P 0
L 3.2605511 4.4502993 3.3294488 4.4502993 0 P 0
L 3.2605511 4.4877009 3.3294488 4.4877009 0 P 0
L 3.281448 3.8803 3.281448 3.9177 0 P 0
L 3.2937 3.490552 3.2937 3.55945 0 P 0
L 3.320552 2.6963 3.320552 2.7337 0 P 0
L 3.320552 2.6963 3.38945 2.6963 0 P 0
L 3.320552 2.7337 3.38945 2.7337 0 P 0
L 3.32155 2.8983 3.32155 2.9357 0 P 0
L 3.32155 2.8983 3.390448 2.8983 0 P 0
L 3.32155 2.9357 3.390448 2.9357 0 P 0
L 3.321552 2.8423 3.321552 2.8797 0 P 0
L 3.321552 2.8423 3.390448 2.8423 0 P 0
L 3.321552 2.8797 3.390448 2.8797 0 P 0
L 3.3294488 4.4502993 3.3294488 4.4877009 0 P 0
L 3.335552 3.3813 3.335552 3.4187 0 P 0
L 3.335552 3.3813 3.404448 3.3813 0 P 0
L 3.335552 3.4187 3.404448 3.4187 0 P 0
L 3.34055 3.1463 3.34055 3.1837 0 P 0
L 3.34055 3.1463 3.409448 3.1463 0 P 0
L 3.34055 3.1837 3.409448 3.1837 0 P 0
L 3.340552 3.0563 3.340552 3.0937 0 P 0
L 3.340552 3.0563 3.409448 3.0563 0 P 0
L 3.340552 3.0937 3.409448 3.0937 0 P 0
L 3.345552 3.5043 3.345552 3.5417 0 P 0
L 3.345552 3.5043 3.414448 3.5043 0 P 0
L 3.345552 3.5417 3.414448 3.5417 0 P 0
L 3.360536 1.0583 3.360536 1.0957 0 P 0
L 3.360536 1.0583 3.427464 1.0583 0 P 0
L 3.360536 1.0957 3.427464 1.0957 0 P 0
L 3.361536 1.1233 3.361536 1.1607 0 P 0
L 3.361536 1.1233 3.428464 1.1233 0 P 0
L 3.361536 1.1607 3.428464 1.1607 0 P 0
L 3.38945 2.6963 3.38945 2.7337 0 P 0
L 3.390448 2.8423 3.390448 2.8797 0 P 0
L 3.390448 2.8983 3.390448 2.9357 0 P 0
L 3.404448 3.3813 3.404448 3.4187 0 P 0
L 3.409448 3.0563 3.409448 3.0937 0 P 0
L 3.409448 3.1463 3.409448 3.1837 0 P 0
L 3.414448 3.5043 3.414448 3.5417 0 P 0
L 3.427464 1.0583 3.427464 1.0957 0 P 0
L 3.428464 1.1233 3.428464 1.1607 0 P 0
L 3.4403 1.431552 3.4403 1.500448 0 P 0
L 3.4403 1.431552 3.4777 1.431552 0 P 0
L 3.4403 1.500448 3.4777 1.500448 0 P 0
L 3.4433 1.549552 3.4433 1.618448 0 P 0
L 3.4433 1.549552 3.4807 1.549552 0 P 0
L 3.4433 1.618448 3.4807 1.618448 0 P 0
L 3.4777 1.431552 3.4777 1.500448 0 P 0
L 3.4807 1.549552 3.4807 1.618448 0 P 0
L 3.4831102 4.4042992 3.4831102 4.4417008 0 P 0
L 3.4831102 4.4042992 3.5520079 4.4042992 0 P 0
L 3.4831102 4.4417008 3.5520079 4.4417008 0 P 0
L 3.4875511 3.8872993 3.4875511 3.9247009 0 P 0
L 3.4875511 3.8872993 3.5564488 3.8872993 0 P 0
L 3.4875511 3.9247009 3.5564488 3.9247009 0 P 0
L 3.5520079 4.4042992 3.5520079 4.4417008 0 P 0
L 3.5564488 3.8872993 3.5564488 3.9247009 0 P 0
L 3.6953 0.789008 3.6953 0.855938 0 P 0
L 3.6953 0.789008 3.7327 0.789008 0 P 0
L 3.6953 0.855938 3.7327 0.855938 0 P 0
L 3.7327 0.789008 3.7327 0.855938 0 P 0
L 3.8565511 4.4002993 3.8565511 4.4377009 0 P 0
L 3.8565511 4.4002993 3.9254488 4.4002993 0 P 0
L 3.8565511 4.4377009 3.9254488 4.4377009 0 P 0
L 3.9033 3.844992 3.9033 3.91389 0 P 0
L 3.9033 3.844992 3.9407 3.844992 0 P 0
L 3.9033 3.91389 3.9407 3.91389 0 P 0
L 3.9073 0.777008 3.9073 0.843938 0 P 0
L 3.9073 0.777008 3.9447 0.777008 0 P 0
L 3.9073 0.843938 3.9447 0.843938 0 P 0
L 3.9254488 4.4002993 3.9254488 4.4377009 0 P 0
L 3.9407 3.844992 3.9407 3.91389 0 P 0
L 3.9447 0.777008 3.9447 0.843938 0 P 0
L 3.975552 6.0753 3.975552 6.1127 0 P 0
L 3.975552 6.0753 4.04445 6.0753 0 P 0
L 3.975552 6.1127 4.04445 6.1127 0 P 0
L 3.985552 5.3163 3.985552 5.3537 0 P 0
L 3.985552 5.3163 4.054448 5.3163 0 P 0
L 3.985552 5.3537 4.054448 5.3537 0 P 0
L 4.04445 6.0753 4.04445 6.1127 0 P 0
L 4.054448 5.3163 4.054448 5.3537 0 P 0
L 4.0913 1.322536 4.0913 1.389464 0 P 0
L 4.0913 1.322536 4.1287 1.322536 0 P 0
L 4.0913 1.389464 4.1287 1.389464 0 P 0
L 4.1287 1.322536 4.1287 1.389464 0 P 0
L 4.1312991 3.8455511 4.1312991 3.9144488 0 P 0
L 4.1312991 3.8455511 4.1687007 3.8455511 0 P 0
L 4.1312991 3.9144488 4.1687007 3.9144488 0 P 0
L 4.1355512 4.3962991 4.1355512 4.4337007 0 P 0
L 4.1355512 4.3962991 4.2044489 4.3962991 0 P 0
L 4.1355512 4.4337007 4.2044489 4.4337007 0 P 0
L 4.1687007 3.8455511 4.1687007 3.9144488 0 P 0
L 4.1933 1.322536 4.1933 1.389464 0 P 0
L 4.1933 1.322536 4.2307 1.322536 0 P 0
L 4.1933 1.389464 4.2307 1.389464 0 P 0
L 4.2044489 4.3962991 4.2044489 4.4337007 0 P 0
L 4.2307 1.322536 4.2307 1.389464 0 P 0
L 4.3103 2.193552 4.3103 2.26245 0 P 0
L 4.3103 2.193552 4.3477 2.193552 0 P 0
L 4.3103 2.26245 4.3477 2.26245 0 P 0
L 4.3477 2.193552 4.3477 2.26245 0 P 0
L 4.3823 2.193552 4.3823 2.262448 0 P 0
L 4.3823 2.193552 4.4197 2.193552 0 P 0
L 4.3823 2.262448 4.4197 2.262448 0 P 0
L 4.3913 1.308536 4.3913 1.375464 0 P 0
L 4.3913 1.308536 4.4287 1.308536 0 P 0
L 4.3913 1.375464 4.4287 1.375464 0 P 0
L 4.4197 2.193552 4.4197 2.262448 0 P 0
L 4.4287 1.308536 4.4287 1.375464 0 P 0
L 4.47752 0.53941 4.47752 0.59059 0 P 0
L 4.47752 0.53941 4.59248 0.53941 0 P 0
L 4.47752 0.59059 4.59248 0.59059 0 P 0
L 4.4903 2.215536 4.4903 2.282464 0 P 0
L 4.4903 2.215536 4.5277 2.215536 0 P 0
L 4.4903 2.282464 4.5277 2.282464 0 P 0
L 4.4933 1.306536 4.4933 1.373464 0 P 0
L 4.4933 1.306536 4.5307 1.306536 0 P 0
L 4.4933 1.373464 4.5307 1.373464 0 P 0
L 4.5213 0.686536 4.5213 0.753464 0 P 0
L 4.5213 0.686536 4.5587 0.686536 0 P 0
L 4.5213 0.753464 4.5587 0.753464 0 P 0
L 4.5277 2.215536 4.5277 2.282464 0 P 0
L 4.5307 1.306536 4.5307 1.373464 0 P 0
L 4.5513 0.396536 4.5513 0.463464 0 P 0
L 4.5513 0.396536 4.5887 0.396536 0 P 0
L 4.5513 0.463464 4.5887 0.463464 0 P 0
L 4.5587 0.686536 4.5587 0.753464 0 P 0
L 4.5662993 3.7415512 4.5662993 3.8104489 0 P 0
L 4.5662993 3.7415512 4.6037009 3.7415512 0 P 0
L 4.5662993 3.8104489 4.6037009 3.8104489 0 P 0
L 4.5712991 2.8765511 4.5712991 2.9454488 0 P 0
L 4.5712991 2.8765511 4.6087007 2.8765511 0 P 0
L 4.5712991 2.9454488 4.6087007 2.9454488 0 P 0
L 4.5872992 3.5509921 4.5872992 3.6198898 0 P 0
L 4.5872992 3.5509921 4.6247008 3.5509921 0 P 0
L 4.5872992 3.6198898 4.6247008 3.6198898 0 P 0
L 4.5887 0.396536 4.5887 0.463464 0 P 0
L 4.59248 0.53941 4.59248 0.59059 0 P 0
L 4.5932993 3.1425512 4.5932993 3.2114489 0 P 0
L 4.5932993 3.1425512 4.6307009 3.1425512 0 P 0
L 4.5932993 3.2114489 4.6307009 3.2114489 0 P 0
L 4.5953 1.308536 4.5953 1.375464 0 P 0
L 4.5953 1.308536 4.6327 1.308536 0 P 0
L 4.5953 1.375464 4.6327 1.375464 0 P 0
L 4.6037009 3.7415512 4.6037009 3.8104489 0 P 0
L 4.6087007 2.8765511 4.6087007 2.9454488 0 P 0
L 4.6193 2.225536 4.6193 2.292464 0 P 0
L 4.6193 2.225536 4.6567 2.225536 0 P 0
L 4.6193 2.292464 4.6567 2.292464 0 P 0
L 4.6247008 3.5509921 4.6247008 3.6198898 0 P 0
L 4.6262991 2.9045511 4.6262991 2.9734488 0 P 0
L 4.6262991 2.9045511 4.6637007 2.9045511 0 P 0
L 4.6262991 2.9734488 4.6637007 2.9734488 0 P 0
L 4.6307009 3.1425512 4.6307009 3.2114489 0 P 0
L 4.6313 0.396536 4.6313 0.463464 0 P 0
L 4.6313 0.396536 4.6687 0.396536 0 P 0
L 4.6313 0.463464 4.6687 0.463464 0 P 0
L 4.6327 1.308536 4.6327 1.375464 0 P 0
L 4.6393 3.551552 4.6393 3.620448 0 P 0
L 4.6393 3.551552 4.6767 3.551552 0 P 0
L 4.6393 3.620448 4.6767 3.620448 0 P 0
L 4.6563 3.137992 4.6563 3.206888 0 P 0
L 4.6563 3.137992 4.6937 3.137992 0 P 0
L 4.6563 3.206888 4.6937 3.206888 0 P 0
L 4.6567 2.225536 4.6567 2.292464 0 P 0
L 4.6637007 2.9045511 4.6637007 2.9734488 0 P 0
L 4.6687 0.396536 4.6687 0.463464 0 P 0
L 4.6767 3.551552 4.6767 3.620448 0 P 0
L 4.6937 3.137992 4.6937 3.206888 0 P 0
L 4.6953 1.304536 4.6953 1.371464 0 P 0
L 4.6953 1.304536 4.7327 1.304536 0 P 0
L 4.6953 1.371464 4.7327 1.371464 0 P 0
L 4.7327 1.304536 4.7327 1.371464 0 P 0
L 4.7893 1.308536 4.7893 1.375464 0 P 0
L 4.7893 1.308536 4.8267 1.308536 0 P 0
L 4.7893 1.375464 4.8267 1.375464 0 P 0
L 4.8267 1.308536 4.8267 1.375464 0 P 0
L 4.8835512 3.7542993 4.8835512 3.7917009 0 P 0
L 4.8835512 3.7542993 4.9524489 3.7542993 0 P 0
L 4.8835512 3.7917009 4.9524489 3.7917009 0 P 0
L 4.8883 5.663992 4.8883 5.732888 0 P 0
L 4.8883 5.663992 4.9257 5.663992 0 P 0
L 4.8883 5.732888 4.9257 5.732888 0 P 0
L 4.8913 1.310536 4.8913 1.377464 0 P 0
L 4.8913 1.310536 4.9287 1.310536 0 P 0
L 4.8913 1.377464 4.9287 1.377464 0 P 0
L 4.9257 5.663992 4.9257 5.732888 0 P 0
L 4.9287 1.310536 4.9287 1.377464 0 P 0
L 4.9524489 3.7542993 4.9524489 3.7917009 0 P 0
L 5.1073 0.550536 5.1073 0.617464 0 P 0
L 5.1073 0.550536 5.1447 0.550536 0 P 0
L 5.1073 0.617464 5.1447 0.617464 0 P 0
L 5.1093 0.666536 5.1093 0.733464 0 P 0
L 5.1093 0.666536 5.1467 0.666536 0 P 0
L 5.1093 0.733464 5.1467 0.733464 0 P 0
L 5.1447 0.550536 5.1447 0.617464 0 P 0
L 5.1467 0.666536 5.1467 0.733464 0 P 0
L 5.2565511 4.5132991 5.2565511 4.5507007 0 P 0
L 5.2565511 4.5132991 5.3254488 4.5132991 0 P 0
L 5.2565511 4.5507007 5.3254488 4.5507007 0 P 0
L 5.3083 0.525552 5.3083 0.59445 0 P 0
L 5.3083 0.525552 5.3457 0.525552 0 P 0
L 5.3083 0.59445 5.3457 0.59445 0 P 0
L 5.309552 4.9933 5.309552 5.0307 0 P 0
L 5.309552 4.9933 5.37845 4.9933 0 P 0
L 5.309552 5.0307 5.37845 5.0307 0 P 0
L 5.3254488 4.5132991 5.3254488 4.5507007 0 P 0
L 5.3457 0.525552 5.3457 0.59445 0 P 0
L 5.37845 4.9933 5.37845 5.0307 0 P 0
L 5.416536 0.5743 5.416536 0.6117 0 P 0
L 5.416536 0.5743 5.483464 0.5743 0 P 0
L 5.416536 0.6117 5.483464 0.6117 0 P 0
L 5.475552 4.5213 5.475552 4.5587 0 P 0
L 5.475552 4.5213 5.544448 4.5213 0 P 0
L 5.475552 4.5587 5.544448 4.5587 0 P 0
L 5.483464 0.5743 5.483464 0.6117 0 P 0
L 5.5285512 4.9902993 5.5285512 5.0277009 0 P 0
L 5.5285512 4.9902993 5.5974489 4.9902993 0 P 0
L 5.5285512 5.0277009 5.5974489 5.0277009 0 P 0
L 5.544448 4.5213 5.544448 4.5587 0 P 0
L 5.5974489 4.9902993 5.5974489 5.0277009 0 P 0
L 5.871064 1.9263 5.871064 1.9637 0 P 0
L 5.871064 1.9263 5.937992 1.9263 0 P 0
L 5.871064 1.9637 5.937992 1.9637 0 P 0
L 5.877534 4.3543 5.877534 4.3917 0 P 0
L 5.877534 4.3543 5.944464 4.3543 0 P 0
L 5.877534 4.3917 5.944464 4.3917 0 P 0
L 5.937992 1.9263 5.937992 1.9637 0 P 0
L 5.944464 4.3543 5.944464 4.3917 0 P 0
L 6.2863 4.595552 6.2863 4.664448 0 P 0
L 6.2863 4.595552 6.3237 4.595552 0 P 0
L 6.2863 4.664448 6.3237 4.664448 0 P 0
L 6.2963 1.820552 6.2963 1.889448 0 P 0
L 6.2963 1.820552 6.3337 1.820552 0 P 0
L 6.2963 1.889448 6.3337 1.889448 0 P 0
L 6.3237 4.595552 6.3237 4.664448 0 P 0
L 6.3337 1.820552 6.3337 1.889448 0 P 0
L 6.3863 4.595552 6.3863 4.664448 0 P 0
L 6.3863 4.595552 6.4237 4.595552 0 P 0
L 6.3863 4.664448 6.4237 4.664448 0 P 0
L 6.4063 1.820552 6.4063 1.889448 0 P 0
L 6.4063 1.820552 6.4437 1.820552 0 P 0
L 6.4063 1.889448 6.4437 1.889448 0 P 0
L 6.4237 4.595552 6.4237 4.664448 0 P 0
L 6.4437 1.820552 6.4437 1.889448 0 P 0
