#Layer_Color=32768
#
#Feature symbol names
#
$0 r3.937
$1 r1.9685

#
#Feature attribute names
#

#
#Layer features
#
L 0.340346 4.515756 0.340346 4.610244 0 P 0
L 0.340346 4.515756 0.383654 4.515756 0 P 0
L 0.340346 4.610244 0.383654 4.610244 0 P 0
L 0.3433 4.563 0.3807 4.563 0 P 0
L 0.362 4.5443 0.362 4.5817 0 P 0
L 0.383654 4.515756 0.383654 4.610244 0 P 0
L 0.413922 4.382772 0.413922 4.729228 1 P 0
L 0.413922 4.382772 0.654078 4.382772 1 P 0
L 0.413922 4.729228 0.654078 4.729228 1 P 0
L 0.426346 2.220756 0.426346 2.315244 0 P 0
L 0.426346 2.220756 0.469654 2.220756 0 P 0
L 0.426346 2.315244 0.469654 2.315244 0 P 0
L 0.4293 2.268 0.4667 2.268 0 P 0
L 0.448 2.2493 0.448 2.2867 0 P 0
L 0.469346 2.886756 0.469346 2.981244 0 P 0
L 0.469346 2.886756 0.512654 2.886756 0 P 0
L 0.469346 2.981244 0.512654 2.981244 0 P 0
L 0.469654 2.220756 0.469654 2.315244 0 P 0
L 0.4723 2.934 0.5097 2.934 0 P 0
L 0.491 2.9153 0.491 2.9527 0 P 0
L 0.512654 2.886756 0.512654 2.981244 0 P 0
L 0.514314 4.556 0.553686 4.556 0 P 0
L 0.534 4.536314 0.534 4.575686 0 P 0
L 0.647756 4.053346 0.647756 4.096654 0 P 0
L 0.647756 4.053346 0.742244 4.053346 0 P 0
L 0.647756 4.096654 0.742244 4.096654 0 P 0
L 0.653346 4.671756 0.653346 4.766244 0 P 0
L 0.653346 4.671756 0.696654 4.671756 0 P 0
L 0.653346 4.766244 0.696654 4.766244 0 P 0
L 0.654078 4.382772 0.654078 4.729228 1 P 0
L 0.6563 4.719 0.6937 4.719 0 P 0
L 0.675 4.7003 0.675 4.7377 0 P 0
L 0.676204 3.071102 0.676204 3.208898 0 P 0
L 0.676204 3.071102 0.951796 3.071102 0 P 0
L 0.676204 3.208898 0.951796 3.208898 0 P 0
L 0.6763 4.075 0.7137 4.075 0 P 0
L 0.684204 2.465102 0.684204 2.602898 0 P 0
L 0.684204 2.465102 0.959796 2.465102 0 P 0
L 0.684204 2.602898 0.959796 2.602898 0 P 0
L 0.695 4.0563 0.695 4.0937 0 P 0
L 0.696654 4.671756 0.696654 4.766244 0 P 0
L 0.697922 4.380772 0.697922 4.727228 1 P 0
L 0.697922 4.380772 0.938078 4.380772 1 P 0
L 0.697922 4.727228 0.938078 4.727228 1 P 0
L 0.704204 1.871102 0.704204 2.008898 0 P 0
L 0.704204 1.871102 0.979796 1.871102 0 P 0
L 0.704204 2.008898 0.979796 2.008898 0 P 0
L 0.733204 1.250102 0.733204 1.387898 0 P 0
L 0.733204 1.250102 1.008796 1.250102 0 P 0
L 0.733204 1.387898 1.008796 1.387898 0 P 0
L 0.742244 4.053346 0.742244 4.096654 0 P 0
L 0.777756 4.078346 0.777756 4.121654 0 P 0
L 0.777756 4.078346 0.872244 4.078346 0 P 0
L 0.777756 4.121654 0.872244 4.121654 0 P 0
L 0.794314 3.14 0.833686 3.14 0 P 0
L 0.795756 4.234346 0.795756 4.277654 0 P 0
L 0.795756 4.234346 0.890244 4.234346 0 P 0
L 0.795756 4.277654 0.890244 4.277654 0 P 0
L 0.798316 4.554 0.837686 4.554 0 P 0
L 0.802314 2.534 0.841686 2.534 0 P 0
L 0.8063 4.1 0.8437 4.1 0 P 0
L 0.814 3.120314 0.814 3.159686 0 P 0
L 0.818 4.534316 0.818 4.573686 0 P 0
L 0.822 2.514314 0.822 2.553686 0 P 0
L 0.822314 1.94 0.861686 1.94 0 P 0
L 0.8243 4.256 0.8617 4.256 0 P 0
L 0.825 4.0813 0.825 4.1187 0 P 0
L 0.842 1.920314 0.842 1.959686 0 P 0
L 0.843 4.2373 0.843 4.2747 0 P 0
L 0.845346 5.653756 0.845346 5.748244 0 P 0
L 0.845346 5.653756 0.888654 5.653756 0 P 0
L 0.845346 5.748244 0.888654 5.748244 0 P 0
L 0.8483 5.701 0.8857 5.701 0 P 0
L 0.851316 1.319 0.890686 1.319 0 P 0
L 0.867 5.6823 0.867 5.7197 0 P 0
L 0.871 1.299316 0.871 1.338686 0 P 0
L 0.872244 4.078346 0.872244 4.121654 0 P 0
L 0.888654 5.653756 0.888654 5.748244 0 P 0
L 0.890244 4.234346 0.890244 4.277654 0 P 0
L 0.892756 4.073346 0.892756 4.116654 0 P 0
L 0.892756 4.073346 0.987244 4.073346 0 P 0
L 0.892756 4.116654 0.987244 4.116654 0 P 0
L 0.90626 2.897598 0.90626 2.972402 0 P 0
L 0.90626 2.897598 1.06374 2.897598 0 P 0
L 0.90626 2.972402 1.06374 2.972402 0 P 0
L 0.91226 1.041598 0.91226 1.116402 0 P 0
L 0.91226 1.041598 1.06974 1.041598 0 P 0
L 0.91226 1.116402 1.06974 1.116402 0 P 0
L 0.92026 2.316598 0.92026 2.391402 0 P 0
L 0.92026 2.316598 1.07774 2.316598 0 P 0
L 0.92026 2.391402 1.07774 2.391402 0 P 0
L 0.9213 4.095 0.9587 4.095 0 P 0
L 0.92226 1.705598 0.92226 1.780402 0 P 0
L 0.92226 1.705598 1.07974 1.705598 0 P 0
L 0.92226 1.780402 1.07974 1.780402 0 P 0
L 0.928284 0.972346 0.928284 1.015654 0 P 0
L 0.928284 0.972346 1.022772 0.972346 0 P 0
L 0.928284 1.015654 1.022772 1.015654 0 P 0
L 0.928756 0.897346 0.928756 0.940654 0 P 0
L 0.928756 0.897346 1.023244 0.897346 0 P 0
L 0.928756 0.940654 1.023244 0.940654 0 P 0
L 0.928756 2.746346 0.928756 2.789654 0 P 0
L 0.928756 2.746346 1.023244 2.746346 0 P 0
L 0.928756 2.789654 1.023244 2.789654 0 P 0
L 0.928756 2.812346 0.928756 2.855654 0 P 0
L 0.928756 2.812346 1.023244 2.812346 0 P 0
L 0.928756 2.855654 1.023244 2.855654 0 P 0
L 0.936756 1.550346 0.936756 1.593654 0 P 0
L 0.936756 1.550346 1.031244 1.550346 0 P 0
L 0.936756 1.593654 1.031244 1.593654 0 P 0
L 0.936756 1.618346 0.936756 1.661654 0 P 0
L 0.936756 1.618346 1.031244 1.618346 0 P 0
L 0.936756 1.661654 1.031244 1.661654 0 P 0
L 0.938078 4.380772 0.938078 4.727228 1 P 0
L 0.94 4.0763 0.94 4.1137 0 P 0
L 0.940756 2.160346 0.940756 2.203654 0 P 0
L 0.940756 2.160346 1.035244 2.160346 0 P 0
L 0.940756 2.203654 1.035244 2.203654 0 P 0
L 0.941756 2.232346 0.941756 2.275654 0 P 0
L 0.941756 2.232346 1.036244 2.232346 0 P 0
L 0.941756 2.275654 1.036244 2.275654 0 P 0
L 0.951796 3.071102 0.951796 3.208898 0 P 0
L 0.956826 0.994 0.994228 0.994 0 P 0
L 0.9573 0.919 0.9947 0.919 0 P 0
L 0.9573 2.768 0.9947 2.768 0 P 0
L 0.9573 2.834 0.9947 2.834 0 P 0
L 0.959796 2.465102 0.959796 2.602898 0 P 0
L 0.9653 1.572 1.0027 1.572 0 P 0
L 0.9653 1.64 1.0027 1.64 0 P 0
L 0.965316 2.935 1.004686 2.935 0 P 0
L 0.968346 4.536756 0.968346 4.631244 0 P 0
L 0.968346 4.536756 1.011654 4.536756 0 P 0
L 0.968346 4.631244 1.011654 4.631244 0 P 0
L 0.9693 2.182 1.0067 2.182 0 P 0
L 0.9703 2.254 1.0077 2.254 0 P 0
L 0.9713 4.584 1.0087 4.584 0 P 0
L 0.971316 1.079 1.010686 1.079 0 P 0
L 0.975528 0.9753 0.975528 1.0127 0 P 0
L 0.976 0.9003 0.976 0.9377 0 P 0
L 0.976 2.7493 0.976 2.7867 0 P 0
L 0.976 2.8153 0.976 2.8527 0 P 0
L 0.979316 2.354 1.018686 2.354 0 P 0
L 0.979796 1.871102 0.979796 2.008898 0 P 0
L 0.981316 1.743 1.020686 1.743 0 P 0
L 0.984 1.5533 0.984 1.5907 0 P 0
L 0.984 1.6213 0.984 1.6587 0 P 0
L 0.985 2.915314 0.985 2.954686 0 P 0
L 0.987244 4.073346 0.987244 4.116654 0 P 0
L 0.988 2.1633 0.988 2.2007 0 P 0
L 0.989 2.2353 0.989 2.2727 0 P 0
L 0.99 4.5653 0.99 4.6027 0 P 0
L 0.991 1.059314 0.991 1.098686 0 P 0
L 0.997756 4.053346 0.997756 4.096654 0 P 0
L 0.997756 4.053346 1.092244 4.053346 0 P 0
L 0.997756 4.096654 1.092244 4.096654 0 P 0
L 0.999 2.334314 0.999 2.373686 0 P 0
L 1.001 1.723314 1.001 1.762686 0 P 0
L 1.008796 1.250102 1.008796 1.387898 0 P 0
L 1.011654 4.536756 1.011654 4.631244 0 P 0
L 1.022772 0.972346 1.022772 1.015654 0 P 0
L 1.023244 0.897346 1.023244 0.940654 0 P 0
L 1.023244 2.746346 1.023244 2.789654 0 P 0
L 1.023244 2.812346 1.023244 2.855654 0 P 0
L 1.0263 4.075 1.0637 4.075 0 P 0
L 1.031244 1.550346 1.031244 1.593654 0 P 0
L 1.031244 1.618346 1.031244 1.661654 0 P 0
L 1.035244 2.160346 1.035244 2.203654 0 P 0
L 1.036244 2.232346 1.036244 2.275654 0 P 0
L 1.045 4.0563 1.045 4.0937 0 P 0
L 1.06374 2.897598 1.06374 2.972402 0 P 0
L 1.06974 1.041598 1.06974 1.116402 0 P 0
L 1.07774 2.316598 1.07774 2.391402 0 P 0
L 1.07974 1.705598 1.07974 1.780402 0 P 0
L 1.092244 4.053346 1.092244 4.096654 0 P 0
L 1.10126 0.665598 1.10126 0.740402 0 P 0
L 1.10126 0.665598 1.25874 0.665598 0 P 0
L 1.10126 0.740402 1.25874 0.740402 0 P 0
L 1.113346 4.017756 1.113346 4.112244 0 P 0
L 1.113346 4.017756 1.156654 4.017756 0 P 0
L 1.113346 4.112244 1.156654 4.112244 0 P 0
L 1.1163 4.065 1.1537 4.065 0 P 0
L 1.135 4.0463 1.135 4.0837 0 P 0
L 1.156654 4.017756 1.156654 4.112244 0 P 0
L 1.160316 0.703 1.199686 0.703 0 P 0
L 1.178346 4.017756 1.178346 4.112244 0 P 0
L 1.178346 4.017756 1.221654 4.017756 0 P 0
L 1.178346 4.112244 1.221654 4.112244 0 P 0
L 1.18 0.683314 1.18 0.722686 0 P 0
L 1.1813 4.065 1.2187 4.065 0 P 0
L 1.199346 0.233756 1.199346 0.328244 0 P 0
L 1.199346 0.233756 1.242654 0.233756 0 P 0
L 1.199346 0.328244 1.242654 0.328244 0 P 0
L 1.2 4.0463 1.2 4.0837 0 P 0
L 1.2023 0.281 1.2397 0.281 0 P 0
L 1.221 0.2623 1.221 0.2997 0 P 0
L 1.221654 4.017756 1.221654 4.112244 0 P 0
L 1.238346 4.012756 1.238346 4.107244 0 P 0
L 1.238346 4.012756 1.281654 4.012756 0 P 0
L 1.238346 4.107244 1.281654 4.107244 0 P 0
L 1.2413 4.06 1.2787 4.06 0 P 0
L 1.242638 2.769724 1.242638 2.860276 0 P 0
L 1.242638 2.769724 1.447362 2.769724 0 P 0
L 1.242638 2.860276 1.447362 2.860276 0 P 0
L 1.242654 0.233756 1.242654 0.328244 0 P 0
L 1.25874 0.665598 1.25874 0.740402 0 P 0
L 1.26 4.0413 1.26 4.0787 0 P 0
L 1.281654 4.012756 1.281654 4.107244 0 P 0
L 1.308346 4.012756 1.308346 4.107244 0 P 0
L 1.308346 4.012756 1.351654 4.012756 0 P 0
L 1.308346 4.107244 1.351654 4.107244 0 P 0
L 1.3113 4.06 1.3487 4.06 0 P 0
L 1.325314 2.815 1.364686 2.815 0 P 0
L 1.33 4.0413 1.33 4.0787 0 P 0
L 1.345 2.795314 1.345 2.834686 0 P 0
L 1.351654 4.012756 1.351654 4.107244 0 P 0
L 1.358756 5.466346 1.358756 5.509654 0 P 0
L 1.358756 5.466346 1.453244 5.466346 0 P 0
L 1.358756 5.509654 1.453244 5.509654 0 P 0
L 1.362756 5.544346 1.362756 5.587654 0 P 0
L 1.362756 5.544346 1.457244 5.544346 0 P 0
L 1.362756 5.587654 1.457244 5.587654 0 P 0
L 1.362756 5.608346 1.362756 5.651654 0 P 0
L 1.362756 5.608346 1.457244 5.608346 0 P 0
L 1.362756 5.651654 1.457244 5.651654 0 P 0
L 1.362756 5.688346 1.362756 5.731654 0 P 0
L 1.362756 5.688346 1.457244 5.688346 0 P 0
L 1.362756 5.731654 1.457244 5.731654 0 P 0
L 1.3873 5.488 1.4247 5.488 0 P 0
L 1.3913 5.566 1.4287 5.566 0 P 0
L 1.3913 5.63 1.4287 5.63 0 P 0
L 1.3913 5.71 1.4287 5.71 0 P 0
L 1.393346 4.012756 1.393346 4.107244 0 P 0
L 1.393346 4.012756 1.436654 4.012756 0 P 0
L 1.393346 4.107244 1.436654 4.107244 0 P 0
L 1.3963 4.06 1.4337 4.06 0 P 0
L 1.406 5.4693 1.406 5.5067 0 P 0
L 1.41 5.5473 1.41 5.5847 0 P 0
L 1.41 5.6113 1.41 5.6487 0 P 0
L 1.41 5.6913 1.41 5.7287 0 P 0
L 1.415 4.0413 1.415 4.0787 0 P 0
L 1.436654 4.012756 1.436654 4.107244 0 P 0
L 1.447362 2.769724 1.447362 2.860276 0 P 0
L 1.453244 5.466346 1.453244 5.509654 0 P 0
L 1.457244 5.544346 1.457244 5.587654 0 P 0
L 1.457244 5.608346 1.457244 5.651654 0 P 0
L 1.457244 5.688346 1.457244 5.731654 0 P 0
L 1.486346 4.531756 1.486346 4.626244 0 P 0
L 1.486346 4.531756 1.529654 4.531756 0 P 0
L 1.486346 4.626244 1.529654 4.626244 0 P 0
L 1.4893 4.579 1.5267 4.579 0 P 0
L 1.508 4.5603 1.508 4.5977 0 P 0
L 1.529654 4.531756 1.529654 4.626244 0 P 0
L 1.544346 5.133756 1.544346 5.228244 0 P 0
L 1.544346 5.133756 1.587654 5.133756 0 P 0
L 1.544346 5.228244 1.587654 5.228244 0 P 0
L 1.544756 5.430346 1.544756 5.473654 0 P 0
L 1.544756 5.430346 1.639244 5.430346 0 P 0
L 1.544756 5.473654 1.639244 5.473654 0 P 0
L 1.546284 5.516346 1.546284 5.559654 0 P 0
L 1.546284 5.516346 1.640772 5.516346 0 P 0
L 1.546284 5.559654 1.640772 5.559654 0 P 0
L 1.546756 5.608346 1.546756 5.651654 0 P 0
L 1.546756 5.608346 1.641244 5.608346 0 P 0
L 1.546756 5.651654 1.641244 5.651654 0 P 0
L 1.5473 5.181 1.5847 5.181 0 P 0
L 1.548756 5.692346 1.548756 5.735654 0 P 0
L 1.548756 5.692346 1.643244 5.692346 0 P 0
L 1.548756 5.735654 1.643244 5.735654 0 P 0
L 1.549346 4.531756 1.549346 4.626244 0 P 0
L 1.549346 4.531756 1.592654 4.531756 0 P 0
L 1.549346 4.626244 1.592654 4.626244 0 P 0
L 1.5523 4.579 1.5897 4.579 0 P 0
L 1.566 5.1623 1.566 5.1997 0 P 0
L 1.571 4.5603 1.571 4.5977 0 P 0
L 1.5733 5.452 1.6107 5.452 0 P 0
L 1.574826 5.538 1.612228 5.538 0 P 0
L 1.5753 5.63 1.6127 5.63 0 P 0
L 1.5773 5.714 1.6147 5.714 0 P 0
L 1.587654 5.133756 1.587654 5.228244 0 P 0
L 1.592 5.4333 1.592 5.4707 0 P 0
L 1.592654 4.531756 1.592654 4.626244 0 P 0
L 1.593528 5.5193 1.593528 5.5567 0 P 0
L 1.594 5.6113 1.594 5.6487 0 P 0
L 1.596 5.6953 1.596 5.7327 0 P 0
L 1.630756 2.004346 1.630756 2.047654 0 P 0
L 1.630756 2.004346 1.725244 2.004346 0 P 0
L 1.630756 2.047654 1.725244 2.047654 0 P 0
L 1.632756 2.104346 1.632756 2.147654 0 P 0
L 1.632756 2.104346 1.727244 2.104346 0 P 0
L 1.632756 2.147654 1.727244 2.147654 0 P 0
L 1.639244 5.430346 1.639244 5.473654 0 P 0
L 1.640772 5.516346 1.640772 5.559654 0 P 0
L 1.641244 5.608346 1.641244 5.651654 0 P 0
L 1.643244 5.692346 1.643244 5.735654 0 P 0
L 1.6593 2.026 1.6967 2.026 0 P 0
L 1.6613 2.126 1.6987 2.126 0 P 0
L 1.678 2.0073 1.678 2.0447 0 P 0
L 1.68 2.1073 1.68 2.1447 0 P 0
L 1.725244 2.004346 1.725244 2.047654 0 P 0
L 1.727244 2.104346 1.727244 2.147654 0 P 0
L 1.763724 3.357638 1.763724 3.562362 0 P 0
L 1.763724 3.357638 1.854276 3.357638 0 P 0
L 1.763724 3.562362 1.854276 3.562362 0 P 0
L 1.789314 3.46 1.828684 3.46 0 P 0
L 1.809 3.440316 1.809 3.479686 0 P 0
L 1.827346 3.219756 1.827346 3.314246 0 P 0
L 1.827346 3.219756 1.870654 3.219756 0 P 0
L 1.827346 3.314246 1.870654 3.314246 0 P 0
L 1.829346 2.912756 1.829346 3.007244 0 P 0
L 1.829346 2.912756 1.872654 2.912756 0 P 0
L 1.829346 3.007244 1.872654 3.007244 0 P 0
L 1.8303 3.267002 1.8677 3.267002 0 P 0
L 1.8323 2.96 1.8697 2.96 0 P 0
L 1.849 3.2483 1.849 3.285702 0 P 0
L 1.851 2.9413 1.851 2.9787 0 P 0
L 1.854276 3.357638 1.854276 3.562362 0 P 0
L 1.870654 3.219756 1.870654 3.314246 0 P 0
L 1.872654 2.912756 1.872654 3.007244 0 P 0
L 1.882756 3.207346 1.882756 3.250654 0 P 0
L 1.882756 3.207346 1.977244 3.207346 0 P 0
L 1.882756 3.250654 1.977244 3.250654 0 P 0
L 1.88843 3.275346 1.88843 3.318654 0 P 0
L 1.88843 3.275346 1.982918 3.275346 0 P 0
L 1.88843 3.318654 1.982918 3.318654 0 P 0
L 1.9113 3.229 1.9487 3.229 0 P 0
L 1.916756 1.798346 1.916756 1.841654 0 P 0
L 1.916756 1.798346 2.011244 1.798346 0 P 0
L 1.916756 1.841654 2.011244 1.841654 0 P 0
L 1.916974 3.297 1.954374 3.297 0 P 0
L 1.918756 2.789346 1.918756 2.832654 0 P 0
L 1.918756 2.789346 2.013244 2.789346 0 P 0
L 1.918756 2.832654 2.013244 2.832654 0 P 0
L 1.93 3.2103 1.93 3.2477 0 P 0
L 1.935674 3.2783 1.935674 3.3157 0 P 0
L 1.9453 1.82 1.9827 1.82 0 P 0
L 1.9473 2.811 1.9847 2.811 0 P 0
L 1.964 1.8013 1.964 1.8387 0 P 0
L 1.966 2.7923 1.966 2.8297 0 P 0
L 1.977244 3.207346 1.977244 3.250654 0 P 0
L 1.982918 3.275346 1.982918 3.318654 0 P 0
L 1.995346 3.223316 1.995346 3.317804 0 P 0
L 1.995346 3.223316 2.038654 3.223316 0 P 0
L 1.995346 3.317804 2.038654 3.317804 0 P 0
L 1.9983 3.27056 2.0357 3.27056 0 P 0
L 1.998756 5.550346 1.998756 5.593654 0 P 0
L 1.998756 5.550346 2.093244 5.550346 0 P 0
L 1.998756 5.593654 2.093244 5.593654 0 P 0
L 2.011244 1.798346 2.011244 1.841654 0 P 0
L 2.013244 2.789346 2.013244 2.832654 0 P 0
L 2.017 3.251858 2.017 3.28926 0 P 0
L 2.0273 5.572 2.0647 5.572 0 P 0
L 2.038654 3.223316 2.038654 3.317804 0 P 0
L 2.046 5.5533 2.046 5.5907 0 P 0
L 2.064346 2.856756 2.064346 2.951244 0 P 0
L 2.064346 2.856756 2.107654 2.856756 0 P 0
L 2.064346 2.951244 2.107654 2.951244 0 P 0
L 2.064346 2.959756 2.064346 3.054244 0 P 0
L 2.064346 2.959756 2.107654 2.959756 0 P 0
L 2.064346 3.054244 2.107654 3.054244 0 P 0
L 2.0673 2.904 2.1047 2.904 0 P 0
L 2.0673 3.007 2.1047 3.007 0 P 0
L 2.086 2.8853 2.086 2.9227 0 P 0
L 2.086 2.9883 2.086 3.0257 0 P 0
L 2.093244 5.550346 2.093244 5.593654 0 P 0
L 2.107654 2.856756 2.107654 2.951244 0 P 0
L 2.107654 2.959756 2.107654 3.054244 0 P 0
L 2.133346 2.912756 2.133346 3.007246 0 P 0
L 2.133346 2.912756 2.176654 2.912756 0 P 0
L 2.133346 3.007246 2.176654 3.007246 0 P 0
L 2.1363 2.960002 2.1737 2.960002 0 P 0
L 2.155 2.9413 2.155 2.978702 0 P 0
L 2.176654 2.912756 2.176654 3.007246 0 P 0
L 2.203228 1.428346 2.203228 1.471654 0 P 0
L 2.203228 1.428346 2.297716 1.428346 0 P 0
L 2.203228 1.471654 2.297716 1.471654 0 P 0
L 2.208756 1.077346 2.208756 1.120654 0 P 0
L 2.208756 1.077346 2.303244 1.077346 0 P 0
L 2.208756 1.120654 2.303244 1.120654 0 P 0
L 2.208756 1.354346 2.208756 1.397654 0 P 0
L 2.208756 1.354346 2.303244 1.354346 0 P 0
L 2.208756 1.397654 2.303244 1.397654 0 P 0
L 2.210756 0.992346 2.210756 1.035654 0 P 0
L 2.210756 0.992346 2.305244 0.992346 0 P 0
L 2.210756 1.035654 2.305244 1.035654 0 P 0
L 2.212756 1.256346 2.212756 1.299654 0 P 0
L 2.212756 1.256346 2.307244 1.256346 0 P 0
L 2.212756 1.299654 2.307244 1.299654 0 P 0
L 2.213756 1.171346 2.213756 1.214654 0 P 0
L 2.213756 1.171346 2.308244 1.171346 0 P 0
L 2.213756 1.214654 2.308244 1.214654 0 P 0
L 2.231772 1.45 2.269174 1.45 0 P 0
L 2.2373 1.099 2.2747 1.099 0 P 0
L 2.2373 1.376 2.2747 1.376 0 P 0
L 2.2393 1.014 2.2767 1.014 0 P 0
L 2.2413 1.278 2.2787 1.278 0 P 0
L 2.2423 1.193 2.2797 1.193 0 P 0
L 2.250472 1.4313 2.250472 1.4687 0 P 0
L 2.256 1.0803 2.256 1.1177 0 P 0
L 2.256 1.3573 2.256 1.3947 0 P 0
L 2.258 0.9953 2.258 1.0327 0 P 0
L 2.26 1.2593 2.26 1.2967 0 P 0
L 2.261 1.1743 2.261 1.2117 0 P 0
L 2.297716 1.428346 2.297716 1.471654 0 P 0
L 2.303244 1.077346 2.303244 1.120654 0 P 0
L 2.303244 1.354346 2.303244 1.397654 0 P 0
L 2.305244 0.992346 2.305244 1.035654 0 P 0
L 2.307244 1.256346 2.307244 1.299654 0 P 0
L 2.308244 1.171346 2.308244 1.214654 0 P 0
L 2.419598 5.65426 2.419598 5.81174 0 P 0
L 2.419598 5.65426 2.494402 5.65426 0 P 0
L 2.419598 5.81174 2.494402 5.81174 0 P 0
L 2.432756 3.213346 2.432756 3.256654 0 P 0
L 2.432756 3.213346 2.527244 3.213346 0 P 0
L 2.432756 3.256654 2.527244 3.256654 0 P 0
L 2.437316 5.733 2.476686 5.733 0 P 0
L 2.442758 3.453346 2.442758 3.496654 0 P 0
L 2.442758 3.453346 2.537246 3.453346 0 P 0
L 2.442758 3.496654 2.537246 3.496654 0 P 0
L 2.457 5.713316 2.457 5.752686 0 P 0
L 2.457758 3.088346 2.457758 3.131654 0 P 0
L 2.457758 3.088346 2.552246 3.088346 0 P 0
L 2.457758 3.131654 2.552246 3.131654 0 P 0
L 2.4613 3.235 2.4987 3.235 0 P 0
L 2.468346 2.637758 2.468346 2.732246 0 P 0
L 2.468346 2.637758 2.511654 2.637758 0 P 0
L 2.468346 2.732246 2.511654 2.732246 0 P 0
L 2.4713 2.685002 2.5087 2.685002 0 P 0
L 2.4713 3.475 2.508702 3.475 0 P 0
L 2.472758 2.808346 2.472758 2.851654 0 P 0
L 2.472758 2.808346 2.567246 2.808346 0 P 0
L 2.472758 2.851654 2.567246 2.851654 0 P 0
L 2.479346 1.794756 2.479346 1.889244 0 P 0
L 2.479346 1.794756 2.522654 1.794756 0 P 0
L 2.479346 1.889244 2.522654 1.889244 0 P 0
L 2.48 3.2163 2.48 3.2537 0 P 0
L 2.4823 1.842 2.5197 1.842 0 P 0
L 2.4863 3.11 2.523702 3.11 0 P 0
L 2.49 2.6663 2.49 2.703702 0 P 0
L 2.490002 3.4563 2.490002 3.4937 0 P 0
L 2.494402 5.65426 2.494402 5.81174 0 P 0
L 2.501 1.8233 2.501 1.8607 0 P 0
L 2.5013 2.83 2.538702 2.83 0 P 0
L 2.505002 3.0913 2.505002 3.1287 0 P 0
L 2.511654 2.637758 2.511654 2.732246 0 P 0
L 2.520002 2.8113 2.520002 2.8487 0 P 0
L 2.522654 1.794756 2.522654 1.889244 0 P 0
L 2.527244 3.213346 2.527244 3.256654 0 P 0
L 2.537246 3.453346 2.537246 3.496654 0 P 0
L 2.551346 1.792756 2.551346 1.887244 0 P 0
L 2.551346 1.792756 2.594654 1.792756 0 P 0
L 2.551346 1.887244 2.594654 1.887244 0 P 0
L 2.552246 3.088346 2.552246 3.131654 0 P 0
L 2.5543 1.84 2.5917 1.84 0 P 0
L 2.557756 0.858346 2.557756 0.901654 0 P 0
L 2.557756 0.858346 2.652244 0.858346 0 P 0
L 2.557756 0.901654 2.652244 0.901654 0 P 0
L 2.557756 1.613346 2.557756 1.656654 0 P 0
L 2.557756 1.613346 2.652244 1.613346 0 P 0
L 2.557756 1.656654 2.652244 1.656654 0 P 0
L 2.557756 1.678346 2.557756 1.721654 0 P 0
L 2.557756 1.678346 2.652244 1.678346 0 P 0
L 2.557756 1.721654 2.652244 1.721654 0 P 0
L 2.557756 1.740346 2.557756 1.783654 0 P 0
L 2.557756 1.740346 2.652244 1.740346 0 P 0
L 2.557756 1.783654 2.652244 1.783654 0 P 0
L 2.563346 3.467756 2.563346 3.562244 0 P 0
L 2.563346 3.467756 2.606654 3.467756 0 P 0
L 2.563346 3.562244 2.606654 3.562244 0 P 0
L 2.5663 3.515 2.6037 3.515 0 P 0
L 2.567246 2.808346 2.567246 2.851654 0 P 0
L 2.573 1.8213 2.573 1.8587 0 P 0
L 2.573346 2.637756 2.573346 2.732244 0 P 0
L 2.573346 2.637756 2.616654 2.637756 0 P 0
L 2.573346 2.732244 2.616654 2.732244 0 P 0
L 2.5763 2.685 2.6137 2.685 0 P 0
L 2.585 3.4963 2.585 3.533702 0 P 0
L 2.5863 0.88 2.6237 0.88 0 P 0
L 2.5863 1.635 2.6237 1.635 0 P 0
L 2.5863 1.7 2.6237 1.7 0 P 0
L 2.5863 1.762 2.6237 1.762 0 P 0
L 2.594654 1.792756 2.594654 1.887244 0 P 0
L 2.595 2.6663 2.595 2.7037 0 P 0
L 2.605 0.8613 2.605 0.8987 0 P 0
L 2.605 1.6163 2.605 1.6537 0 P 0
L 2.605 1.6813 2.605 1.7187 0 P 0
L 2.605 1.7433 2.605 1.7807 0 P 0
L 2.606654 3.467756 2.606654 3.562244 0 P 0
L 2.616654 2.637756 2.616654 2.732244 0 P 0
L 2.625346 1.792756 2.625346 1.887244 0 P 0
L 2.625346 1.792756 2.668654 1.792756 0 P 0
L 2.625346 1.887244 2.668654 1.887244 0 P 0
L 2.6283 1.84 2.6657 1.84 0 P 0
L 2.633346 0.457756 2.633346 0.552244 0 P 0
L 2.633346 0.457756 2.676654 0.457756 0 P 0
L 2.633346 0.552244 2.676654 0.552244 0 P 0
L 2.634754 4.454346 2.634754 4.497654 0 P 0
L 2.634754 4.454346 2.729244 4.454346 0 P 0
L 2.634754 4.497654 2.729244 4.497654 0 P 0
L 2.6363 0.505 2.6737 0.505 0 P 0
L 2.647 1.8213 2.647 1.8587 0 P 0
L 2.652244 0.858346 2.652244 0.901654 0 P 0
L 2.652244 1.613346 2.652244 1.656654 0 P 0
L 2.652244 1.678346 2.652244 1.721654 0 P 0
L 2.652244 1.740346 2.652244 1.783654 0 P 0
L 2.655 0.4863 2.655 0.5237 0 P 0
L 2.663298 4.476 2.7007 4.476 0 P 0
L 2.668654 1.792756 2.668654 1.887244 0 P 0
L 2.676654 0.457756 2.676654 0.552244 0 P 0
L 2.681998 4.4573 2.681998 4.4947 0 P 0
L 2.692638 5.619724 2.692638 5.710276 0 P 0
L 2.692638 5.619724 2.897362 5.619724 0 P 0
L 2.692638 5.710276 2.897362 5.710276 0 P 0
L 2.692638 5.789724 2.692638 5.880276 0 P 0
L 2.692638 5.789724 2.897362 5.789724 0 P 0
L 2.692638 5.880276 2.897362 5.880276 0 P 0
L 2.692756 1.288346 2.692756 1.331654 0 P 0
L 2.692756 1.288346 2.787244 1.288346 0 P 0
L 2.692756 1.331654 2.787244 1.331654 0 P 0
L 2.692756 1.343346 2.692756 1.386654 0 P 0
L 2.692756 1.343346 2.787244 1.343346 0 P 0
L 2.692756 1.386654 2.787244 1.386654 0 P 0
L 2.692756 3.8943464 2.692756 3.9376535 0 P 0
L 2.692756 3.8943464 2.7872441 3.8943464 0 P 0
L 2.692756 3.9376535 2.7872441 3.9376535 0 P 0
L 2.697346 2.832756 2.697346 2.927246 0 P 0
L 2.697346 2.832756 2.740654 2.832756 0 P 0
L 2.697346 2.927246 2.740654 2.927246 0 P 0
L 2.698346 0.457756 2.698346 0.552244 0 P 0
L 2.698346 0.457756 2.741654 0.457756 0 P 0
L 2.698346 0.552244 2.741654 0.552244 0 P 0
L 2.7003 2.880002 2.7377 2.880002 0 P 0
L 2.7013 0.505 2.7387 0.505 0 P 0
L 2.701346 1.788756 2.701346 1.883244 0 P 0
L 2.701346 1.788756 2.744654 1.788756 0 P 0
L 2.701346 1.883244 2.744654 1.883244 0 P 0
L 2.7043 1.836 2.7417 1.836 0 P 0
L 2.719 2.8613 2.719 2.898702 0 P 0
L 2.72 0.4863 2.72 0.5237 0 P 0
L 2.7212993 3.9159999 2.7587008 3.9159999 0 P 0
L 2.7213 1.31 2.7587 1.31 0 P 0
L 2.7213 1.365 2.7587 1.365 0 P 0
L 2.723 1.8173 2.723 1.8547 0 P 0
L 2.729244 4.454346 2.729244 4.497654 0 P 0
L 2.74 1.2913 2.74 1.3287 0 P 0
L 2.74 1.3463 2.74 1.3837 0 P 0
L 2.7400001 3.8972991 2.7400001 3.9347007 0 P 0
L 2.740654 2.832756 2.740654 2.927246 0 P 0
L 2.741654 0.457756 2.741654 0.552244 0 P 0
L 2.744654 1.788756 2.744654 1.883244 0 P 0
L 2.753756 2.893346 2.753756 2.936654 0 P 0
L 2.753756 2.893346 2.848244 2.893346 0 P 0
L 2.753756 2.936654 2.848244 2.936654 0 P 0
L 2.754756 2.826346 2.754756 2.869654 0 P 0
L 2.754756 2.826346 2.849244 2.826346 0 P 0
L 2.754756 2.869654 2.849244 2.869654 0 P 0
L 2.763346 0.457756 2.763346 0.552244 0 P 0
L 2.763346 0.457756 2.806654 0.457756 0 P 0
L 2.763346 0.552244 2.806654 0.552244 0 P 0
L 2.7663 0.505 2.8037 0.505 0 P 0
L 2.775316 5.665 2.814686 5.665 0 P 0
L 2.775316 5.835 2.814686 5.835 0 P 0
L 2.7823 2.915 2.8197 2.915 0 P 0
L 2.7833 2.848 2.8207 2.848 0 P 0
L 2.783346 1.788756 2.783346 1.883244 0 P 0
L 2.783346 1.788756 2.826654 1.788756 0 P 0
L 2.783346 1.883244 2.826654 1.883244 0 P 0
L 2.785 0.4863 2.785 0.5237 0 P 0
L 2.7863 1.836 2.8237 1.836 0 P 0
L 2.787244 1.288346 2.787244 1.331654 0 P 0
L 2.787244 1.343346 2.787244 1.386654 0 P 0
L 2.7872441 3.8943464 2.7872441 3.9376535 0 P 0
L 2.788346 3.477756 2.788346 3.572244 0 P 0
L 2.788346 3.477756 2.831654 3.477756 0 P 0
L 2.788346 3.572244 2.831654 3.572244 0 P 0
L 2.7913 3.525 2.8287 3.525 0 P 0
L 2.795 5.645316 2.795 5.684686 0 P 0
L 2.795 5.815316 2.795 5.854686 0 P 0
L 2.801 2.8963 2.801 2.9337 0 P 0
L 2.802 2.8293 2.802 2.8667 0 P 0
L 2.802346 1.244756 2.802346 1.339244 0 P 0
L 2.802346 1.244756 2.845654 1.244756 0 P 0
L 2.802346 1.339244 2.845654 1.339244 0 P 0
L 2.802346 1.358756 2.802346 1.453244 0 P 0
L 2.802346 1.358756 2.845654 1.358756 0 P 0
L 2.802346 1.453244 2.845654 1.453244 0 P 0
L 2.805 1.8173 2.805 1.8547 0 P 0
L 2.8053 1.292 2.8427 1.292 0 P 0
L 2.8053 1.406 2.8427 1.406 0 P 0
L 2.806654 0.457756 2.806654 0.552244 0 P 0
L 2.8083465 2.632756 2.8083465 2.7272441 0 P 0
L 2.8083465 2.632756 2.8516536 2.632756 0 P 0
L 2.8083465 2.7272441 2.8516536 2.7272441 0 P 0
L 2.81 3.5063 2.81 3.5437 0 P 0
L 2.8112993 2.6800001 2.8487009 2.6800001 0 P 0
L 2.824 1.2733 2.824 1.3107 0 P 0
L 2.824 1.3873 2.824 1.4247 0 P 0
L 2.826654 1.788756 2.826654 1.883244 0 P 0
L 2.8300001 2.6612993 2.8300001 2.6987008 0 P 0
L 2.831654 3.477756 2.831654 3.572244 0 P 0
L 2.845654 1.244756 2.845654 1.339244 0 P 0
L 2.845654 1.358756 2.845654 1.453244 0 P 0
L 2.848244 2.893346 2.848244 2.936654 0 P 0
L 2.849244 2.826346 2.849244 2.869654 0 P 0
L 2.8507559 4.4413465 2.8507559 4.4846536 0 P 0
L 2.8507559 4.4413465 2.945244 4.4413465 0 P 0
L 2.8507559 4.4846536 2.945244 4.4846536 0 P 0
L 2.8516536 2.632756 2.8516536 2.7272441 0 P 0
L 2.8547559 3.8973465 2.8547559 3.9406536 0 P 0
L 2.8547559 3.8973465 2.949244 3.8973465 0 P 0
L 2.8547559 3.9406536 2.949244 3.9406536 0 P 0
L 2.860346 2.834756 2.860346 2.929244 0 P 0
L 2.860346 2.834756 2.903654 2.834756 0 P 0
L 2.860346 2.929244 2.903654 2.929244 0 P 0
L 2.8633 2.882 2.9007 2.882 0 P 0
L 2.865346 1.786756 2.865346 1.881244 0 P 0
L 2.865346 1.786756 2.908654 1.786756 0 P 0
L 2.865346 1.881244 2.908654 1.881244 0 P 0
L 2.8683 1.834 2.9057 1.834 0 P 0
L 2.875756 1.179346 2.875756 1.222654 0 P 0
L 2.875756 1.179346 2.970244 1.179346 0 P 0
L 2.875756 1.222654 2.970244 1.222654 0 P 0
L 2.878346 3.477756 2.878346 3.572244 0 P 0
L 2.878346 3.477756 2.921654 3.477756 0 P 0
L 2.878346 3.572244 2.921654 3.572244 0 P 0
L 2.8792992 4.4630001 2.9167007 4.4630001 0 P 0
L 2.8813 3.525 2.9187 3.525 0 P 0
L 2.882 2.8633 2.882 2.9007 0 P 0
L 2.8832992 3.9190001 2.9207007 3.9190001 0 P 0
L 2.887 1.8153 2.887 1.852702 0 P 0
L 2.897362 5.619724 2.897362 5.710276 0 P 0
L 2.897362 5.789724 2.897362 5.880276 0 P 0
L 2.8979999 4.4442993 2.8979999 4.4817009 0 P 0
L 2.9 3.5063 2.9 3.543702 0 P 0
L 2.9019999 3.9002993 2.9019999 3.9377009 0 P 0
L 2.903654 2.834756 2.903654 2.929244 0 P 0
L 2.9043 1.201 2.9417 1.201 0 P 0
L 2.908654 1.786756 2.908654 1.881244 0 P 0
L 2.921654 3.477756 2.921654 3.572244 0 P 0
L 2.923 1.1823 2.923 1.2197 0 P 0
L 2.945244 4.4413465 2.945244 4.4846536 0 P 0
L 2.949244 3.8973465 2.949244 3.9406536 0 P 0
L 2.955346 1.786756 2.955346 1.881244 0 P 0
L 2.955346 1.786756 2.998654 1.786756 0 P 0
L 2.955346 1.881244 2.998654 1.881244 0 P 0
L 2.9583 1.834 2.9957 1.834 0 P 0
L 2.963346 5.642756 2.963346 5.737244 0 P 0
L 2.963346 5.642756 3.006654 5.642756 0 P 0
L 2.963346 5.737244 3.006654 5.737244 0 P 0
L 2.9663 5.69 3.0037 5.69 0 P 0
L 2.968346 5.777756 2.968346 5.872244 0 P 0
L 2.968346 5.777756 3.011654 5.777756 0 P 0
L 2.968346 5.872244 3.011654 5.872244 0 P 0
L 2.970244 1.179346 2.970244 1.222654 0 P 0
L 2.9713 5.825 3.0087 5.825 0 P 0
L 2.977 1.8153 2.977 1.8527 0 P 0
L 2.985 5.6713 2.985 5.7087 0 P 0
L 2.98526 1.110598 2.98526 1.185402 0 P 0
L 2.98526 1.110598 3.14274 1.110598 0 P 0
L 2.98526 1.185402 3.14274 1.185402 0 P 0
L 2.99 5.8063 2.99 5.8437 0 P 0
L 2.993346 1.395196 2.993346 1.489686 0 P 0
L 2.993346 1.395196 3.036654 1.395196 0 P 0
L 2.993346 1.489686 3.036654 1.489686 0 P 0
L 2.9963 1.442442 3.0337 1.442442 0 P 0
L 2.998316 1.204346 2.998316 1.247654 0 P 0
L 2.998316 1.204346 3.092804 1.204346 0 P 0
L 2.998316 1.247654 3.092804 1.247654 0 P 0
L 2.998654 1.786756 2.998654 1.881244 0 P 0
L 3.006654 5.642756 3.006654 5.737244 0 P 0
L 3.011654 5.777756 3.011654 5.872244 0 P 0
L 3.015 1.42374 3.015 1.461142 0 P 0
L 3.022346 1.782756 3.022346 1.877244 0 P 0
L 3.022346 1.782756 3.065654 1.782756 0 P 0
L 3.022346 1.877244 3.065654 1.877244 0 P 0
L 3.0253 1.83 3.0627 1.83 0 P 0
L 3.026858 1.226 3.06426 1.226 0 P 0
L 3.036654 1.395196 3.036654 1.489686 0 P 0
L 3.044 1.8113 3.044 1.8487 0 P 0
L 3.044316 1.148 3.083686 1.148 0 P 0
L 3.04556 1.2073 3.04556 1.2447 0 P 0
L 3.053346 1.395196 3.053346 1.489686 0 P 0
L 3.053346 1.395196 3.096654 1.395196 0 P 0
L 3.053346 1.489686 3.096654 1.489686 0 P 0
L 3.0563 1.442442 3.0937 1.442442 0 P 0
L 3.064 1.128316 3.064 1.167686 0 P 0
L 3.065654 1.782756 3.065654 1.877244 0 P 0
L 3.075 1.42374 3.075 1.461142 0 P 0
L 3.092804 1.204346 3.092804 1.247654 0 P 0
L 3.096654 1.395196 3.096654 1.489686 0 P 0
L 3.114346 1.784756 3.114346 1.879244 0 P 0
L 3.114346 1.784756 3.157654 1.784756 0 P 0
L 3.114346 1.879244 3.157654 1.879244 0 P 0
L 3.1173 1.832 3.1547 1.832 0 P 0
L 3.136 1.8133 3.136 1.850702 0 P 0
L 3.14274 1.110598 3.14274 1.185402 0 P 0
L 3.157654 1.784756 3.157654 1.879244 0 P 0
L 3.163346 2.630196 3.163346 2.724684 0 P 0
L 3.163346 2.630196 3.206654 2.630196 0 P 0
L 3.163346 2.724684 3.206654 2.724684 0 P 0
L 3.1663 2.67744 3.2037 2.67744 0 P 0
L 3.173284 0.658346 3.173284 0.701654 0 P 0
L 3.173284 0.658346 3.267772 0.658346 0 P 0
L 3.173284 0.701654 3.267772 0.701654 0 P 0
L 3.173284 0.728346 3.173284 0.771654 0 P 0
L 3.173284 0.728346 3.267772 0.728346 0 P 0
L 3.173284 0.771654 3.267772 0.771654 0 P 0
L 3.173284 0.783346 3.173284 0.826654 0 P 0
L 3.173284 0.783346 3.267772 0.783346 0 P 0
L 3.173284 0.826654 3.267772 0.826654 0 P 0
L 3.173284 0.838346 3.173284 0.881654 0 P 0
L 3.173284 0.838346 3.267772 0.838346 0 P 0
L 3.173284 0.881654 3.267772 0.881654 0 P 0
L 3.185 2.65874 3.185 2.69614 0 P 0
L 3.199756 3.877346 3.199756 3.920654 0 P 0
L 3.199756 3.877346 3.294244 3.877346 0 P 0
L 3.199756 3.920654 3.294244 3.920654 0 P 0
L 3.201828 0.68 3.239228 0.68 0 P 0
L 3.201828 0.75 3.239228 0.75 0 P 0
L 3.201828 0.805 3.239228 0.805 0 P 0
L 3.201828 0.86 3.239228 0.86 0 P 0
L 3.206654 2.630196 3.206654 2.724684 0 P 0
L 3.220528 0.6613 3.220528 0.6987 0 P 0
L 3.220528 0.7313 3.220528 0.7687 0 P 0
L 3.220528 0.7863 3.220528 0.8237 0 P 0
L 3.220528 0.8413 3.220528 0.8787 0 P 0
L 3.2283 3.899 3.2657 3.899 0 P 0
L 3.247 3.8803 3.247 3.9177 0 P 0
L 3.2477559 4.4473465 3.2477559 4.4906536 0 P 0
L 3.2477559 4.4473465 3.342244 4.4473465 0 P 0
L 3.2477559 4.4906536 3.342244 4.4906536 0 P 0
L 3.253346 3.477756 3.253346 3.572244 0 P 0
L 3.253346 3.477756 3.296654 3.477756 0 P 0
L 3.253346 3.572244 3.296654 3.572244 0 P 0
L 3.2563 3.525 3.2937 3.525 0 P 0
L 3.267772 0.658346 3.267772 0.701654 0 P 0
L 3.267772 0.728346 3.267772 0.771654 0 P 0
L 3.267772 0.783346 3.267772 0.826654 0 P 0
L 3.267772 0.838346 3.267772 0.881654 0 P 0
L 3.275 3.5063 3.275 3.543702 0 P 0
L 3.2762992 4.4690001 3.3137007 4.4690001 0 P 0
L 3.294244 3.877346 3.294244 3.920654 0 P 0
L 3.2949999 4.4502993 3.2949999 4.4877009 0 P 0
L 3.296654 3.477756 3.296654 3.572244 0 P 0
L 3.307756 2.693346 3.307756 2.736654 0 P 0
L 3.307756 2.693346 3.402244 2.693346 0 P 0
L 3.307756 2.736654 3.402244 2.736654 0 P 0
L 3.308754 2.895346 3.308754 2.938654 0 P 0
L 3.308754 2.895346 3.403242 2.895346 0 P 0
L 3.308754 2.938654 3.403242 2.938654 0 P 0
L 3.308756 2.839346 3.308756 2.882654 0 P 0
L 3.308756 2.839346 3.403244 2.839346 0 P 0
L 3.308756 2.882654 3.403244 2.882654 0 P 0
L 3.322756 3.378346 3.322756 3.421654 0 P 0
L 3.322756 3.378346 3.417244 3.378346 0 P 0
L 3.322756 3.421654 3.417244 3.421654 0 P 0
L 3.327754 3.143346 3.327754 3.186654 0 P 0
L 3.327754 3.143346 3.422242 3.143346 0 P 0
L 3.327754 3.186654 3.422242 3.186654 0 P 0
L 3.327756 3.053346 3.327756 3.096654 0 P 0
L 3.327756 3.053346 3.422244 3.053346 0 P 0
L 3.327756 3.096654 3.422244 3.096654 0 P 0
L 3.332756 3.501346 3.332756 3.544654 0 P 0
L 3.332756 3.501346 3.427244 3.501346 0 P 0
L 3.332756 3.544654 3.427244 3.544654 0 P 0
L 3.3363 2.715 3.373702 2.715 0 P 0
L 3.337298 2.917 3.3747 2.917 0 P 0
L 3.3373 2.861 3.3747 2.861 0 P 0
L 3.342244 4.4473465 3.342244 4.4906536 0 P 0
L 3.346756 1.055346 3.346756 1.098654 0 P 0
L 3.346756 1.055346 3.441244 1.055346 0 P 0
L 3.346756 1.098654 3.441244 1.098654 0 P 0
L 3.347756 1.120346 3.347756 1.163654 0 P 0
L 3.347756 1.120346 3.442244 1.120346 0 P 0
L 3.347756 1.163654 3.442244 1.163654 0 P 0
L 3.3513 3.4 3.3887 3.4 0 P 0
L 3.355 2.6963 3.355 2.7337 0 P 0
L 3.355998 2.8983 3.355998 2.9357 0 P 0
L 3.356 2.8423 3.356 2.8797 0 P 0
L 3.356298 3.165 3.3937 3.165 0 P 0
L 3.3563 3.075 3.3937 3.075 0 P 0
L 3.3613 3.523 3.3987 3.523 0 P 0
L 3.37 3.3813 3.37 3.4187 0 P 0
L 3.374998 3.1463 3.374998 3.1837 0 P 0
L 3.375 3.0563 3.375 3.0937 0 P 0
L 3.3753 1.077 3.4127 1.077 0 P 0
L 3.3763 1.142 3.4137 1.142 0 P 0
L 3.38 3.5043 3.38 3.5417 0 P 0
L 3.394 1.0583 3.394 1.0957 0 P 0
L 3.395 1.1233 3.395 1.1607 0 P 0
L 3.402244 2.693346 3.402244 2.736654 0 P 0
L 3.403242 2.895346 3.403242 2.938654 0 P 0
L 3.403244 2.839346 3.403244 2.882654 0 P 0
L 3.417244 3.378346 3.417244 3.421654 0 P 0
L 3.422242 3.143346 3.422242 3.186654 0 P 0
L 3.422244 3.053346 3.422244 3.096654 0 P 0
L 3.427244 3.501346 3.427244 3.544654 0 P 0
L 3.437346 1.418756 3.437346 1.513244 0 P 0
L 3.437346 1.418756 3.480654 1.418756 0 P 0
L 3.437346 1.513244 3.480654 1.513244 0 P 0
L 3.4403 1.466 3.4777 1.466 0 P 0
L 3.440346 1.536756 3.440346 1.631244 0 P 0
L 3.440346 1.536756 3.483654 1.536756 0 P 0
L 3.440346 1.631244 3.483654 1.631244 0 P 0
L 3.441244 1.055346 3.441244 1.098654 0 P 0
L 3.442244 1.120346 3.442244 1.163654 0 P 0
L 3.4433 1.584 3.4807 1.584 0 P 0
L 3.459 1.4473 3.459 1.4847 0 P 0
L 3.462 1.5653 3.462 1.6027 0 P 0
L 3.470315 4.4013464 3.470315 4.4446535 0 P 0
L 3.470315 4.4013464 3.5648031 4.4013464 0 P 0
L 3.470315 4.4446535 3.5648031 4.4446535 0 P 0
L 3.4747559 3.8843465 3.4747559 3.9276536 0 P 0
L 3.4747559 3.8843465 3.569244 3.8843465 0 P 0
L 3.4747559 3.9276536 3.569244 3.9276536 0 P 0
L 3.480654 1.418756 3.480654 1.513244 0 P 0
L 3.483654 1.536756 3.483654 1.631244 0 P 0
L 3.4988583 4.423 3.5362598 4.423 0 P 0
L 3.5032992 3.9060001 3.5407007 3.9060001 0 P 0
L 3.517559 4.4042992 3.517559 4.4417008 0 P 0
L 3.5219999 3.8872993 3.5219999 3.9247009 0 P 0
L 3.5648031 4.4013464 3.5648031 4.4446535 0 P 0
L 3.569244 3.8843465 3.569244 3.9276536 0 P 0
L 3.692346 0.775228 3.692346 0.869716 0 P 0
L 3.692346 0.775228 3.735654 0.775228 0 P 0
L 3.692346 0.869716 3.735654 0.869716 0 P 0
L 3.6953 0.822472 3.7327 0.822472 0 P 0
L 3.714 0.803772 3.714 0.841174 0 P 0
L 3.735654 0.775228 3.735654 0.869716 0 P 0
L 3.8437559 4.3973465 3.8437559 4.4406536 0 P 0
L 3.8437559 4.3973465 3.938244 4.3973465 0 P 0
L 3.8437559 4.4406536 3.938244 4.4406536 0 P 0
L 3.8722992 4.4190001 3.9097007 4.4190001 0 P 0
L 3.8909999 4.4002993 3.8909999 4.4377009 0 P 0
L 3.900346 3.832196 3.900346 3.926684 0 P 0
L 3.900346 3.832196 3.943654 3.832196 0 P 0
L 3.900346 3.926684 3.943654 3.926684 0 P 0
L 3.9033 3.87944 3.9407 3.87944 0 P 0
L 3.904346 0.763228 3.904346 0.857716 0 P 0
L 3.904346 0.763228 3.947654 0.763228 0 P 0
L 3.904346 0.857716 3.947654 0.857716 0 P 0
L 3.9073 0.810472 3.9447 0.810472 0 P 0
L 3.922 3.86074 3.922 3.898142 0 P 0
L 3.926 0.791772 3.926 0.829174 0 P 0
L 3.938244 4.3973465 3.938244 4.4406536 0 P 0
L 3.943654 3.832196 3.943654 3.926684 0 P 0
L 3.947654 0.763228 3.947654 0.857716 0 P 0
L 3.962756 6.072346 3.962756 6.115654 0 P 0
L 3.962756 6.072346 4.057244 6.072346 0 P 0
L 3.962756 6.115654 4.057244 6.115654 0 P 0
L 3.972756 5.313346 3.972756 5.356654 0 P 0
L 3.972756 5.313346 4.067244 5.313346 0 P 0
L 3.972756 5.356654 4.067244 5.356654 0 P 0
L 3.9913 6.094 4.028702 6.094 0 P 0
L 4.0013 5.335 4.0387 5.335 0 P 0
L 4.01 6.0753 4.01 6.1127 0 P 0
L 4.02 5.3163 4.02 5.3537 0 P 0
L 4.057244 6.072346 4.057244 6.115654 0 P 0
L 4.067244 5.313346 4.067244 5.356654 0 P 0
L 4.088346 1.308756 4.088346 1.403244 0 P 0
L 4.088346 1.308756 4.131654 1.308756 0 P 0
L 4.088346 1.403244 4.131654 1.403244 0 P 0
L 4.0913 1.356 4.1287 1.356 0 P 0
L 4.11 1.3373 4.11 1.3747 0 P 0
L 4.122756 4.3933464 4.122756 4.4366535 0 P 0
L 4.122756 4.3933464 4.2172441 4.3933464 0 P 0
L 4.122756 4.4366535 4.2172441 4.4366535 0 P 0
L 4.1283464 3.8327559 4.1283464 3.927244 0 P 0
L 4.1283464 3.8327559 4.1716535 3.8327559 0 P 0
L 4.1283464 3.927244 4.1716535 3.927244 0 P 0
L 4.1312991 3.8799999 4.1687007 3.8799999 0 P 0
L 4.131654 1.308756 4.131654 1.403244 0 P 0
L 4.1499999 3.8612992 4.1499999 3.8987007 0 P 0
L 4.1512993 4.4149999 4.1887008 4.4149999 0 P 0
L 4.1700001 4.3962991 4.1700001 4.4337007 0 P 0
L 4.1716535 3.8327559 4.1716535 3.927244 0 P 0
L 4.190346 1.308756 4.190346 1.403244 0 P 0
L 4.190346 1.308756 4.233654 1.308756 0 P 0
L 4.190346 1.403244 4.233654 1.403244 0 P 0
L 4.1933 1.356 4.2307 1.356 0 P 0
L 4.212 1.3373 4.212 1.3747 0 P 0
L 4.2172441 4.3933464 4.2172441 4.4366535 0 P 0
L 4.233654 1.308756 4.233654 1.403244 0 P 0
L 4.307346 2.180756 4.307346 2.275244 0 P 0
L 4.307346 2.180756 4.350654 2.180756 0 P 0
L 4.307346 2.275244 4.350654 2.275244 0 P 0
L 4.3103 2.228 4.3477 2.228 0 P 0
L 4.329 2.2093 4.329 2.246702 0 P 0
L 4.350654 2.180756 4.350654 2.275244 0 P 0
L 4.379346 2.180756 4.379346 2.275244 0 P 0
L 4.379346 2.180756 4.422654 2.180756 0 P 0
L 4.379346 2.275244 4.422654 2.275244 0 P 0
L 4.3823 2.228 4.4197 2.228 0 P 0
L 4.388346 1.294756 4.388346 1.389244 0 P 0
L 4.388346 1.294756 4.431654 1.294756 0 P 0
L 4.388346 1.389244 4.431654 1.389244 0 P 0
L 4.3913 1.342 4.4287 1.342 0 P 0
L 4.401 2.2093 4.401 2.2467 0 P 0
L 4.41 1.3233 4.41 1.3607 0 P 0
L 4.422654 2.180756 4.422654 2.275244 0 P 0
L 4.431654 1.294756 4.431654 1.389244 0 P 0
L 4.473582 0.503976 4.473582 0.626024 1 P 0
L 4.473582 0.503976 4.596418 0.503976 1 P 0
L 4.473582 0.626024 4.596418 0.626024 1 P 0
L 4.487346 2.201756 4.487346 2.296244 0 P 0
L 4.487346 2.201756 4.530654 2.201756 0 P 0
L 4.487346 2.296244 4.530654 2.296244 0 P 0
L 4.4903 2.249 4.5277 2.249 0 P 0
L 4.490346 1.292756 4.490346 1.387244 0 P 0
L 4.490346 1.292756 4.533654 1.292756 0 P 0
L 4.490346 1.387244 4.533654 1.387244 0 P 0
L 4.4933 1.34 4.5307 1.34 0 P 0
L 4.509 2.2303 4.509 2.2677 0 P 0
L 4.512 1.3213 4.512 1.3587 0 P 0
L 4.515316 0.565 4.554686 0.565 0 P 0
L 4.518346 0.672756 4.518346 0.767244 0 P 0
L 4.518346 0.672756 4.561654 0.672756 0 P 0
L 4.518346 0.767244 4.561654 0.767244 0 P 0
L 4.5213 0.72 4.5587 0.72 0 P 0
L 4.530654 2.201756 4.530654 2.296244 0 P 0
L 4.533654 1.292756 4.533654 1.387244 0 P 0
L 4.535 0.545314 4.535 0.584686 0 P 0
L 4.54 0.7013 4.54 0.7387 0 P 0
L 4.548346 0.382756 4.548346 0.477244 0 P 0
L 4.548346 0.382756 4.591654 0.382756 0 P 0
L 4.548346 0.477244 4.591654 0.477244 0 P 0
L 4.5513 0.43 4.5887 0.43 0 P 0
L 4.561654 0.672756 4.561654 0.767244 0 P 0
L 4.5633465 3.728756 4.5633465 3.8232441 0 P 0
L 4.5633465 3.728756 4.6066536 3.728756 0 P 0
L 4.5633465 3.8232441 4.6066536 3.8232441 0 P 0
L 4.5662993 3.7760001 4.6037009 3.7760001 0 P 0
L 4.5683464 2.8637559 4.5683464 2.958244 0 P 0
L 4.5683464 2.8637559 4.6116535 2.8637559 0 P 0
L 4.5683464 2.958244 4.6116535 2.958244 0 P 0
L 4.57 0.4113 4.57 0.4487 0 P 0
L 4.5712991 2.9109999 4.6087007 2.9109999 0 P 0
L 4.5843464 3.5381969 4.5843464 3.632685 0 P 0
L 4.5843464 3.5381969 4.6276535 3.5381969 0 P 0
L 4.5843464 3.632685 4.6276535 3.632685 0 P 0
L 4.5850001 3.7572993 4.5850001 3.7947008 0 P 0
L 4.5872992 3.585441 4.6247008 3.585441 0 P 0
L 4.5899999 2.8922992 4.5899999 2.9297007 0 P 0
L 4.5903465 3.129756 4.5903465 3.2242441 0 P 0
L 4.5903465 3.129756 4.6336536 3.129756 0 P 0
L 4.5903465 3.2242441 4.6336536 3.2242441 0 P 0
L 4.591654 0.382756 4.591654 0.477244 0 P 0
L 4.592346 1.294756 4.592346 1.389244 0 P 0
L 4.592346 1.294756 4.635654 1.294756 0 P 0
L 4.592346 1.389244 4.635654 1.389244 0 P 0
L 4.5932993 3.1770001 4.6307009 3.1770001 0 P 0
L 4.5953 1.342 4.6327 1.342 0 P 0
L 4.596418 0.503976 4.596418 0.626024 1 P 0
L 4.606 3.5667402 4.606 3.6041417 0 P 0
L 4.6066536 3.728756 4.6066536 3.8232441 0 P 0
L 4.6116535 2.8637559 4.6116535 2.958244 0 P 0
L 4.6120001 3.1582993 4.6120001 3.1957008 0 P 0
L 4.614 1.3233 4.614 1.3607 0 P 0
L 4.616346 2.211756 4.616346 2.306244 0 P 0
L 4.616346 2.211756 4.659654 2.211756 0 P 0
L 4.616346 2.306244 4.659654 2.306244 0 P 0
L 4.6193 2.259 4.6567 2.259 0 P 0
L 4.6233464 2.8917559 4.6233464 2.986244 0 P 0
L 4.6233464 2.8917559 4.6666535 2.8917559 0 P 0
L 4.6233464 2.986244 4.6666535 2.986244 0 P 0
L 4.6262991 2.9389999 4.6637007 2.9389999 0 P 0
L 4.6276535 3.5381969 4.6276535 3.632685 0 P 0
L 4.628346 0.382756 4.628346 0.477244 0 P 0
L 4.628346 0.382756 4.671654 0.382756 0 P 0
L 4.628346 0.477244 4.671654 0.477244 0 P 0
L 4.6313 0.43 4.6687 0.43 0 P 0
L 4.6336536 3.129756 4.6336536 3.2242441 0 P 0
L 4.635654 1.294756 4.635654 1.389244 0 P 0
L 4.636346 3.538756 4.636346 3.633244 0 P 0
L 4.636346 3.538756 4.679654 3.538756 0 P 0
L 4.636346 3.633244 4.679654 3.633244 0 P 0
L 4.638 2.2403 4.638 2.2777 0 P 0
L 4.6393 3.586 4.6767 3.586 0 P 0
L 4.6449999 2.9202992 4.6449999 2.9577007 0 P 0
L 4.65 0.4113 4.65 0.4487 0 P 0
L 4.653346 3.125196 4.653346 3.219684 0 P 0
L 4.653346 3.125196 4.696654 3.125196 0 P 0
L 4.653346 3.219684 4.696654 3.219684 0 P 0
L 4.6563 3.17244 4.6937 3.17244 0 P 0
L 4.658 3.5673 4.658 3.6047 0 P 0
L 4.659654 2.211756 4.659654 2.306244 0 P 0
L 4.6666535 2.8917559 4.6666535 2.986244 0 P 0
L 4.671654 0.382756 4.671654 0.477244 0 P 0
L 4.675 3.15374 4.675 3.19114 0 P 0
L 4.679654 3.538756 4.679654 3.633244 0 P 0
L 4.692346 1.290756 4.692346 1.385244 0 P 0
L 4.692346 1.290756 4.735654 1.290756 0 P 0
L 4.692346 1.385244 4.735654 1.385244 0 P 0
L 4.6953 1.338 4.7327 1.338 0 P 0
L 4.696654 3.125196 4.696654 3.219684 0 P 0
L 4.714 1.3193 4.714 1.3567 0 P 0
L 4.735654 1.290756 4.735654 1.385244 0 P 0
L 4.786346 1.294756 4.786346 1.389244 0 P 0
L 4.786346 1.294756 4.829654 1.294756 0 P 0
L 4.786346 1.389244 4.829654 1.389244 0 P 0
L 4.7893 1.342 4.8267 1.342 0 P 0
L 4.808 1.3233 4.808 1.3607 0 P 0
L 4.829654 1.294756 4.829654 1.389244 0 P 0
L 4.870756 3.7513465 4.870756 3.7946536 0 P 0
L 4.870756 3.7513465 4.9652441 3.7513465 0 P 0
L 4.870756 3.7946536 4.9652441 3.7946536 0 P 0
L 4.885346 5.651196 4.885346 5.745684 0 P 0
L 4.885346 5.651196 4.928654 5.651196 0 P 0
L 4.885346 5.745684 4.928654 5.745684 0 P 0
L 4.8883 5.69844 4.9257 5.69844 0 P 0
L 4.888346 1.296756 4.888346 1.391244 0 P 0
L 4.888346 1.296756 4.931654 1.296756 0 P 0
L 4.888346 1.391244 4.931654 1.391244 0 P 0
L 4.8913 1.344 4.9287 1.344 0 P 0
L 4.8992993 3.7730001 4.9367008 3.7730001 0 P 0
L 4.907 5.67974 4.907 5.71714 0 P 0
L 4.91 1.3253 4.91 1.3627 0 P 0
L 4.9180001 3.7542993 4.9180001 3.7917009 0 P 0
L 4.928654 5.651196 4.928654 5.745684 0 P 0
L 4.931654 1.296756 4.931654 1.391244 0 P 0
L 4.9652441 3.7513465 4.9652441 3.7946536 0 P 0
L 5.104346 0.536756 5.104346 0.631244 0 P 0
L 5.104346 0.536756 5.147654 0.536756 0 P 0
L 5.104346 0.631244 5.147654 0.631244 0 P 0
L 5.106346 0.652756 5.106346 0.747244 0 P 0
L 5.106346 0.652756 5.149654 0.652756 0 P 0
L 5.106346 0.747244 5.149654 0.747244 0 P 0
L 5.1073 0.584 5.1447 0.584 0 P 0
L 5.1093 0.7 5.1467 0.7 0 P 0
L 5.126 0.5653 5.126 0.6027 0 P 0
L 5.128 0.6813 5.128 0.7187 0 P 0
L 5.147654 0.536756 5.147654 0.631244 0 P 0
L 5.149654 0.652756 5.149654 0.747244 0 P 0
L 5.2437559 4.5103464 5.2437559 4.5536535 0 P 0
L 5.2437559 4.5103464 5.338244 4.5103464 0 P 0
L 5.2437559 4.5536535 5.338244 4.5536535 0 P 0
L 5.2722992 4.5319999 5.3097007 4.5319999 0 P 0
L 5.2909999 4.5132991 5.2909999 4.5507007 0 P 0
L 5.296758 4.990346 5.296758 5.033654 0 P 0
L 5.296758 4.990346 5.391246 4.990346 0 P 0
L 5.296758 5.033654 5.391246 5.033654 0 P 0
L 5.305346 0.512756 5.305346 0.607246 0 P 0
L 5.305346 0.512756 5.348654 0.512756 0 P 0
L 5.305346 0.607246 5.348654 0.607246 0 P 0
L 5.3083 0.560002 5.3457 0.560002 0 P 0
L 5.3253 5.012 5.362702 5.012 0 P 0
L 5.327 0.5413 5.327 0.578702 0 P 0
L 5.338244 4.5103464 5.338244 4.5536535 0 P 0
L 5.344002 4.9933 5.344002 5.0307 0 P 0
L 5.348654 0.512756 5.348654 0.607246 0 P 0
L 5.391246 4.990346 5.391246 5.033654 0 P 0
L 5.402756 0.571346 5.402756 0.614654 0 P 0
L 5.402756 0.571346 5.497244 0.571346 0 P 0
L 5.402756 0.614654 5.497244 0.614654 0 P 0
L 5.4313 0.593 5.4687 0.593 0 P 0
L 5.45 0.5743 5.45 0.6117 0 P 0
L 5.462756 4.518346 5.462756 4.561654 0 P 0
L 5.462756 4.518346 5.557244 4.518346 0 P 0
L 5.462756 4.561654 5.557244 4.561654 0 P 0
L 5.4913 4.54 5.5287 4.54 0 P 0
L 5.497244 0.571346 5.497244 0.614654 0 P 0
L 5.51 4.5213 5.51 4.5587 0 P 0
L 5.515756 4.9873465 5.515756 5.0306536 0 P 0
L 5.515756 4.9873465 5.6102441 4.9873465 0 P 0
L 5.515756 5.0306536 5.6102441 5.0306536 0 P 0
L 5.5442993 5.0090001 5.5817008 5.0090001 0 P 0
L 5.557244 4.518346 5.557244 4.561654 0 P 0
L 5.5630001 4.9902993 5.5630001 5.0277009 0 P 0
L 5.6102441 4.9873465 5.6102441 5.0306536 0 P 0
L 5.857284 1.923346 5.857284 1.966654 0 P 0
L 5.857284 1.923346 5.951772 1.923346 0 P 0
L 5.857284 1.966654 5.951772 1.966654 0 P 0
L 5.863756 4.351346 5.863756 4.394654 0 P 0
L 5.863756 4.351346 5.958244 4.351346 0 P 0
L 5.863756 4.394654 5.958244 4.394654 0 P 0
L 5.885828 1.945 5.923228 1.945 0 P 0
L 5.892298 4.373 5.9297 4.373 0 P 0
L 5.904528 1.9263 5.904528 1.9637 0 P 0
L 5.911 4.3543 5.911 4.3917 0 P 0
L 5.951772 1.923346 5.951772 1.966654 0 P 0
L 5.958244 4.351346 5.958244 4.394654 0 P 0
L 6.283346 4.582756 6.283346 4.677244 0 P 0
L 6.283346 4.582756 6.326654 4.582756 0 P 0
L 6.283346 4.677244 6.326654 4.677244 0 P 0
L 6.2863 4.63 6.3237 4.63 0 P 0
L 6.293346 1.807756 6.293346 1.902244 0 P 0
L 6.293346 1.807756 6.336654 1.807756 0 P 0
L 6.293346 1.902244 6.336654 1.902244 0 P 0
L 6.2963 1.855 6.3337 1.855 0 P 0
L 6.305 4.6113 6.305 4.6487 0 P 0
L 6.315 1.8363 6.315 1.8737 0 P 0
L 6.326654 4.582756 6.326654 4.677244 0 P 0
L 6.336654 1.807756 6.336654 1.902244 0 P 0
L 6.383346 4.582756 6.383346 4.677244 0 P 0
L 6.383346 4.582756 6.426654 4.582756 0 P 0
L 6.383346 4.677244 6.426654 4.677244 0 P 0
L 6.3863 4.63 6.4237 4.63 0 P 0
L 6.403346 1.807756 6.403346 1.902244 0 P 0
L 6.403346 1.807756 6.446654 1.807756 0 P 0
L 6.403346 1.902244 6.446654 1.902244 0 P 0
L 6.405 4.6113 6.405 4.6487 0 P 0
L 6.4063 1.855 6.4437 1.855 0 P 0
L 6.425 1.8363 6.425 1.8737 0 P 0
L 6.426654 4.582756 6.426654 4.677244 0 P 0
L 6.446654 1.807756 6.446654 1.902244 0 P 0
